338 6
   3.8753722453321870e-15  -6.8226674310167823e-15  -2.5113557535507540e-05  -4.3446513391613806e-01   0.0000000000000000e+00   0.0000000000000000e+00   2.2519671090539081e-14
   2.8501506710298941e-15  -5.8061194740943733e-15  -2.5113571951103359e-05  -4.3446513391613334e-01   0.0000000000000000e+00   0.0000000000000000e+00   2.2519671090931407e-14
   2.6055546609171643e-15  -5.5788706987414116e-15  -2.5113600782294893e-05  -4.3446513391613317e-01   0.0000000000000000e+00   0.0000000000000000e+00   2.2519671091724878e-14
   1.2247147740396258e-15  -4.1754794066761747e-15  -2.5113658444675368e-05  -4.3446513391612818e-01   0.0000000000000000e+00   0.0000000000000000e+00   2.2519671093307355e-14
  -6.4878658001532585e-16  -2.3141211169530607e-15  -2.5113773769438999e-05  -4.3446513391612296e-01   0.0000000000000000e+00   0.0000000000000000e+00   2.2519671096476809e-14
   3.0565827646711341e-15  -6.0212251851154974e-15  -2.5114004418964937e-05  -4.3446513391610864e-01   0.0000000000000000e+00   0.0000000000000000e+00   2.2519671102812801e-14
   3.0340313594834356e-15  -5.9917348860238917e-15  -2.5114465718016635e-05  -4.3446513391608366e-01   0.0000000000000000e+00   0.0000000000000000e+00   2.2519671115487565e-14
   2.0920765120280294e-15  -5.0393716977126246e-15  -2.5115388316119825e-05  -4.3446513391602937e-01   0.0000000000000000e+00   0.0000000000000000e+00   2.2519671140832943e-14
   1.0720591081536668e-15  -4.0314973581700997e-15  -2.5117233512327950e-05  -4.3446513391592512e-01   0.0000000000000000e+00   0.0000000000000000e+00   2.2519671191527846e-14
  -1.0217521273503394e-15  -1.9272777818102327e-15  -2.5120923904742445e-05  -4.3446513391571179e-01   0.0000000000000000e+00   0.0000000000000000e+00   2.2519671292913098e-14
   5.4296844798074062e-16  -3.5041414214731503e-15  -2.5128304689573258e-05  -4.3446513391528185e-01   0.0000000000000000e+00   0.0000000000000000e+00   2.2519671495681290e-14
  -3.0097452308197603e-15   5.2041704279304213e-17  -2.5143066259233363e-05  -4.3446513391443015e-01   0.0000000000000000e+00   0.0000000000000000e+00   2.2519671901224972e-14
  -3.8944542035679319e-15   9.4715901788333667e-16  -2.5172589398553457e-05  -4.3446513391271746e-01   0.0000000000000000e+00   0.0000000000000000e+00   2.2519672712305868e-14
   2.8310687127941492e-15  -5.7905069628105821e-15  -2.5231635677194988e-05  -4.3446513390929292e-01   0.0000000000000000e+00   0.0000000000000000e+00   2.2519674334475229e-14
   8.5695339713254270e-16  -3.8042485828171380e-15  -2.5349728234474602e-05  -4.3446513390242231e-01   0.0000000000000000e+00   0.0000000000000000e+00   2.2519677578816948e-14
  -3.5076108684251039e-15   5.5337678883660146e-16  -2.5585913349029830e-05  -4.3446513388857322e-01   0.0000000000000000e+00   0.0000000000000000e+00   2.2519684067497657e-14
  -3.1676050671336498e-15   2.0122792321330962e-16  -2.6058283578117135e-05  -4.3446513386049879e-01   0.0000000000000000e+00   0.0000000000000000e+00   2.2519697044900422e-14
   2.6541269182445149e-15  -5.6291776795447390e-15  -2.7003024036198273e-05  -4.3446513380281088e-01   0.0000000000000000e+00   0.0000000000000000e+00   2.2519722999837070e-14
   2.4823892941228110e-15  -5.4557053319470583e-15  -2.8892504951972231e-05  -4.3446513368126727e-01   0.0000000000000000e+00   0.0000000000000000e+00   2.2519774910220653e-14
   1.1709383462843448e-15  -4.1269071493488241e-15  -3.2671466781844249e-05  -4.3446513341352638e-01   0.0000000000000000e+00   0.0000000000000000e+00   2.2519878733050263e-14
   4.2119085996716876e-15  -7.1644079557842133e-15  -4.0229390433888850e-05  -4.3446513277943782e-01   0.0000000000000000e+00   0.0000000000000000e+00   2.2520086386968799e-14
   2.6645352591003757e-15  -5.6239735091168086e-15  -5.5345237699168989e-05  -4.3446513111682739e-01   0.0000000000000000e+00   0.0000000000000000e+00   2.2520501727848304e-14
  -3.2231162183649076e-15   2.4980018054066022e-16  -8.5576932010450094e-05  -4.3446512621388350e-01   0.0000000000000000e+00   0.0000000000000000e+00   2.2521332541900386e-14
   2.8952534814052910e-15  -5.8494875609937935e-15  -1.1580862590737548e-04  -4.3446511920730740e-01   0.0000000000000000e+00   0.0000000000000000e+00   2.2522163532554078e-14
  -3.9569042487030970e-15   9.9920072216264089e-16  -1.4604031924356900e-04  -4.3446511009709243e-01   0.0000000000000000e+00   0.0000000000000000e+00   2.2522994700054077e-14
  -6.0923488476305465e-15   3.1346453210900904e-15  -1.7627201187265018e-04  -4.3446509888324958e-01   0.0000000000000000e+00   0.0000000000000000e+00   2.2523826044665513e-14
   1.6080886622305002e-15  -4.5640574652949795e-15  -2.3673539442396565e-04  -4.3446507014466484e-01   0.0000000000000000e+00   0.0000000000000000e+00   2.2525489266221570e-14
   8.5348395018058909e-16  -3.8146569236729988e-15  -3.5766214460059904e-04  -4.3446498742389750e-01   0.0000000000000000e+00   0.0000000000000000e+00   2.2528817845756430e-14
  -5.8373444966619559e-15   2.8779062466455230e-15  -4.7858886706904634e-04  -4.3446487104500470e-01   0.0000000000000000e+00   0.0000000000000000e+00   2.2532149287389106e-14
  -9.3154650659954541e-16  -2.0244222964649339e-15  -7.2044219140848364e-04  -4.3446453731288914e-01   0.0000000000000000e+00   0.0000000000000000e+00   2.2538820822002033e-14
  -4.6577325329977270e-15   1.6982942829812941e-15  -9.6229529249650548e-04  -4.3446406894843081e-01   0.0000000000000000e+00   0.0000000000000000e+00   2.2545504000337573e-14
  -3.7851666245813931e-15   8.2399365108898337e-16  -1.2041480953873941e-03  -4.3446346595176522e-01   0.0000000000000000e+00   0.0000000000000000e+00   2.2552198952947704e-14
  -5.4713178432308496e-15   2.5136143166903935e-15  -1.4460005251355553e-03  -4.3446272832308386e-01   0.0000000000000000e+00   0.0000000000000000e+00   2.2558905810679187e-14
  -2.4615726124110893e-15  -4.9786563760534364e-16  -1.6878525067954796e-03  -4.3446185606261167e-01   0.0000000000000000e+00   0.0000000000000000e+00   2.2565624704649708e-14
  -1.9012569296705806e-15  -1.0373646386341306e-15  -2.1715548260693601e-03  -4.3445970764743452e-01   0.0000000000000000e+00   0.0000000000000000e+00   2.2579099127155052e-14
  -4.5172199314436057e-15   1.5820678100908481e-15  -2.6552544536482675e-03  -4.3445702070888625e-01   0.0000000000000000e+00   0.0000000000000000e+00   2.2592623274741254e-14
  -2.5743296383495817e-15  -3.8857805861880479e-16  -3.6226432354954231e-03  -4.3445003127568382e-01   0.0000000000000000e+00   0.0000000000000000e+00   2.2619824982433367e-14
  -3.2283203887928380e-15   2.7408630920433552e-16  -4.5900140559308415e-03  -4.3444088779766427e-01   0.0000000000000000e+00   0.0000000000000000e+00   2.2647238339789628e-14
  -2.2412627309620348e-15  -6.9909356081865326e-16  -5.5573621186374269e-03  -4.3442959032015582e-01   0.0000000000000000e+00   0.0000000000000000e+00   2.2674871914616917e-14
  -3.9638431426070042e-15   1.0096090630185017e-15  -6.5246826274109231e-03  -4.3441613889917208e-01   0.0000000000000000e+00   0.0000000000000000e+00   2.2702734324273730e-14
  -3.2647495817883510e-15   3.1225022567582528e-16  -7.4919707861837263e-03  -4.3440053360141279e-01   0.0000000000000000e+00   0.0000000000000000e+00   2.2730834229407503e-14
   3.4694469519536142e-18  -2.9490299091605721e-15  -8.4592217990485802e-03  -4.3438277450424717e-01   0.0000000000000000e+00   0.0000000000000000e+00   2.2759180327613219e-14
   9.0205620750793969e-16  -3.8771069688081639e-15  -1.0393593204370125e-02  -4.3434079527458358e-01   0.0000000000000000e+00   0.0000000000000000e+00   2.2816646040059059e-14
  -5.0862092315639984e-15   2.1441182163073336e-15  -1.2327758480229222e-02  -4.3429020204272339e-01   0.0000000000000000e+00   0.0000000000000000e+00   2.2875201537505046e-14
   1.4502288259166107e-15  -4.3853809472693683e-15  -1.4261679267567402e-02  -4.3423099581204988e-01   0.0000000000000000e+00   0.0000000000000000e+00   2.2934917072659152e-14
   9.6624097611908155e-16  -3.8649639044763262e-15  -1.6195317212175143e-02  -4.3416317775676316e-01   0.0000000000000000e+00   0.0000000000000000e+00   2.2995862862735912e-14
  -9.7491459349896559e-16  -1.9637069748057456e-15  -1.8128633965452081e-02  -4.3408674922186208e-01   0.0000000000000000e+00   0.0000000000000000e+00   2.3058108873962167e-14
  -1.7989082445879490e-15  -1.1154271950530870e-15  -2.0061591185168159e-02  -4.3400171172309387e-01   0.0000000000000000e+00   0.0000000000000000e+00   2.3121724603151826e-14
  -5.3828469459560324e-15   2.4858587410747646e-15  -2.1994150536223570e-02  -4.3390806694695550e-01   0.0000000000000000e+00   0.0000000000000000e+00   2.3186778856796568e-14
   1.3634926521177704e-15  -4.2743586448068527e-15  -2.3926273691409206e-02  -4.3380581675065233e-01   0.0000000000000000e+00   0.0000000000000000e+00   2.3253339527977151e-14
  -4.7288561955127761e-15   1.8787055244828821e-15  -2.7789058149348473e-02  -4.3357550837960018e-01   0.0000000000000000e+00   0.0000000000000000e+00   2.3391245777941665e-14
  -5.9726529277881468e-15   3.1207675332822760e-15  -3.1263688061488271e-02  -4.3333882243372535e-01   0.0000000000000000e+00   0.0000000000000000e+00   2.3521167779543273e-14
   1.7937040741600185e-15  -4.6178338930502605e-15  -3.4736309075254775e-02  -4.3307429160743888e-01   0.0000000000000000e+00   0.0000000000000000e+00   2.3656960817551835e-14
  -1.4658413372004020e-15  -1.3253287356462806e-15  -3.8206698051820150e-02  -4.3278193289858163e-01   0.0000000000000000e+00   0.0000000000000000e+00   2.3798957985701910e-14
  -3.2092384305570931e-15   3.9378222904673521e-16  -4.1674631995779643e-02  -4.3246176509313838e-01   0.0000000000000000e+00   0.0000000000000000e+00   2.3947464706421309e-14
   3.7123082385903672e-16  -3.1728092375615802e-15  -4.5139888069480896e-02  -4.3211380876399996e-01   0.0000000000000000e+00   0.0000000000000000e+00   2.4102754475852317e-14
   5.3776427755281020e-16  -3.3133218391157016e-15  -4.8602243607341902e-02  -4.3173808626966059e-01   0.0000000000000000e+00   0.0000000000000000e+00   2.4265064639802967e-14
  -3.8771069688081639e-15   1.1015494072452725e-15  -5.2061476130159615e-02  -4.3133462175276932e-01   0.0000000000000000e+00   0.0000000000000000e+00   2.4434592196081406e-14
  -1.0200174038743626e-15  -1.7468665403086447e-15  -5.5517363359405360e-02  -4.3090344113858753e-01   0.0000000000000000e+00   0.0000000000000000e+00   2.4611489610387618e-14
  -3.5041414214731503e-16  -2.4060614611798314e-15  -5.8969683231507301e-02  -4.3044457213331322e-01   0.0000000000000000e+00   0.0000000000000000e+00   2.4795860625597854e-14
  -5.8460181140418399e-16  -2.1198320876436583e-15  -6.2418213912120012e-02  -4.2995804422231093e-01   0.0000000000000000e+00   0.0000000000000000e+00   2.4987756039198416e-14
  -3.8927194800919551e-15   1.1449174941446927e-15  -6.5862733810378812e-02  -4.2944388866821465e-01   0.0000000000000000e+00   0.0000000000000000e+00   2.5187169421315520e-14
  -5.2596815791616791e-15   2.5621865740177441e-15  -6.9303021593138114e-02  -4.2890213850890857e-01   0.0000000000000000e+00   0.0000000000000000e+00   2.5394032747274613e-14
  -3.6082248300317588e-16  -2.4164698020356923e-15  -7.2738856199193708e-02  -4.2833282855542332e-01   0.0000000000000000e+00   0.0000000000000000e+00   2.5608211924278315e-14
  -1.0061396160665481e-15  -1.7121720707891086e-15  -7.6170016853487385e-02  -4.2773599538967189e-01   0.0000000000000000e+00   0.0000000000000000e+00   2.5829502201769450e-14
  -4.4755865680201623e-16  -2.2950391587173158e-15  -7.9596283081293184e-02  -4.2711167736213773e-01   0.0000000000000000e+00   0.0000000000000000e+00   2.6057623469774264e-14
  -1.3739009929736312e-15  -1.5959455978986625e-15  -8.6433251945180298e-02  -4.2578074895142526e-01   0.0000000000000000e+00   0.0000000000000000e+00   2.6532832949913024e-14
   1.2802259252708836e-15  -3.9490979930612014e-15  -9.2303154265459791e-02  -4.2454691252216253e-01   0.0000000000000000e+00   0.0000000000000000e+00   2.6959767058888000e-14
  -5.7939764097625357e-16  -2.3332030751888055e-15  -9.8155463380330571e-02  -4.2323215642014805e-01   0.0000000000000000e+00   0.0000000000000000e+00   2.7399539928531903e-14
  -5.5233595475101538e-15   2.7183116868556567e-15  -1.0398906382546058e-01  -4.2183673124107873e-01   0.0000000000000000e+00   0.0000000000000000e+00   2.7847854557595310e-14
  -4.1702752362482443e-15   1.1527237497865883e-15  -1.0980284370243398e-01  -4.2036090295639478e-01   0.0000000000000000e+00   0.0000000000000000e+00   2.8299467010588430e-14
   2.8449465006019636e-16  -3.2057689836051395e-15  -1.1559569489068651e-01  -4.1880495286253999e-01   0.0000000000000000e+00   0.0000000000000000e+00   2.8748155635435305e-14
  -4.4304837576447653e-15   1.4467593789646571e-15  -1.2136651325870863e-01  -4.1716917752739069e-01   0.0000000000000000e+00   0.0000000000000000e+00   2.9186718586763555e-14
  -6.8001160258290838e-16  -2.3384072456167360e-15  -1.2711419887450318e-01  -4.1545388873369332e-01   0.0000000000000000e+00   0.0000000000000000e+00   2.9607005726688003e-14
  -3.7921055184853003e-15   7.2337968948232856e-16  -1.3283765621523075e-01  -4.1365941341966317e-01   0.0000000000000000e+00   0.0000000000000000e+00   2.9999987943782516e-14
  -5.1694759584108851e-16  -2.5639212974937209e-15  -1.3853579437601957e-01  -4.1178609361665175e-01   0.0000000000000000e+00   0.0000000000000000e+00   3.0355862419119928e-14
  -1.6445178552260131e-15  -1.5360976379774627e-15  -1.4420752727789415e-01  -4.0983428638396302e-01   0.0000000000000000e+00   0.0000000000000000e+00   3.0664186757762869e-14
  -2.7929047963226594e-15  -4.0852737859253807e-16  -1.4985177387478862e-01  -4.0780436374079609e-01   0.0000000000000000e+00   0.0000000000000000e+00   3.0914028902137423e-14
  -2.5812685322534890e-15  -6.6786853825107073e-16  -1.5546745835959092e-01  -4.0569671259533863e-01   0.0000000000000000e+00   0.0000000000000000e+00   3.1094114375617250e-14
  -3.1294411506621600e-15  -2.1163626406917047e-16  -1.6105351036919649e-01  -4.0351173467101925e-01   0.0000000000000000e+00   0.0000000000000000e+00   3.1192948954875922e-14
  -3.5839387013680835e-15   2.2898349882893854e-16  -1.6660886518852588e-01  -4.0124984642993627e-01   0.0000000000000000e+00   0.0000000000000000e+00   3.1198894778740166e-14
  -5.1174342541315809e-15   1.6453852169640015e-15  -1.7213246395345555e-01  -3.9891147899348350e-01   0.0000000000000000e+00   0.0000000000000000e+00   3.1100182614575417e-14
  -3.6602665343110630e-15   1.3444106938820255e-16  -1.7762325385264274e-01  -3.9649707806017442e-01   0.0000000000000000e+00   0.0000000000000000e+00   3.0884853781211220e-14
  -2.4286128663675299e-17  -3.6446540230272717e-15  -1.8308018832819750e-01  -3.9400710382068937e-01   0.0000000000000000e+00   0.0000000000000000e+00   3.0540642930985525e-14
  -2.3835100559921329e-15  -1.3053794156725473e-15  -1.8850222727515331e-01  -3.9144203087016982e-01   0.0000000000000000e+00   0.0000000000000000e+00   3.0054837760869055e-14
  -3.9621084191310274e-15   1.8561541192951836e-16  -1.9388833723971510e-01  -3.8880234811774711e-01   0.0000000000000000e+00   0.0000000000000000e+00   2.9414183161072493e-14
   2.2898349882893854e-16  -4.0202216555762504e-15  -1.9923749161624313e-01  -3.8608855869336889e-01   0.0000000000000000e+00   0.0000000000000000e+00   2.8604933725243471e-14
  -1.7000290064572710e-16  -3.7591457724417410e-15  -2.0454867084291870e-01  -3.8330117985189188e-01   0.0000000000000000e+00   0.0000000000000000e+00   2.7613197237156577e-14
  -3.0045410603918299e-15  -1.1405806854547507e-15  -2.0982086259607954e-01  -3.8044074287449064e-01   0.0000000000000000e+00   0.0000000000000000e+00   2.6425748885600741e-14
   1.2038980923279041e-15  -5.3724386051001716e-15  -2.1505306198317298e-01  -3.7750779296740083e-01   0.0000000000000000e+00   0.0000000000000000e+00   2.5031526669775130e-14
  -5.2423343444019110e-15   8.6042284408449632e-16  -2.2024427173428515e-01  -3.7450288915800167e-01   0.0000000000000000e+00   0.0000000000000000e+00   2.3638269027568792e-14
  -1.4571677198205180e-15  -2.9134680779030475e-15  -2.2539350239223008e-01  -3.7142660418825674e-01   0.0000000000000000e+00   0.0000000000000000e+00   2.3079559562480575e-14
   4.6490589156178430e-16  -4.9196757778702249e-15  -2.3049977250113468e-01  -3.6827952440555523e-01   0.0000000000000000e+00   0.0000000000000000e+00   2.2202962545504608e-14
   5.5164206536062466e-16  -5.0645251881142883e-15  -2.3556210879351464e-01  -3.6506224965094641e-01   0.0000000000000000e+00   0.0000000000000000e+00   2.0957645790570696e-14
   1.0061396160665481e-16  -4.4807907384480927e-15  -2.4057954637577536e-01  -3.6177539314481050e-01   0.0000000000000000e+00   0.0000000000000000e+00   1.9304411049014631e-14
  -1.3183898417423734e-15  -3.2127078775090467e-15  -2.4555112891212530e-01  -3.5841958136998692e-01   0.0000000000000000e+00   0.0000000000000000e+00   1.7226286529252142e-14
  -4.3680337125096003e-15  -1.7260498585969231e-16  -2.5047590880685849e-01  -3.5499545395234805e-01   0.0000000000000000e+00   0.0000000000000000e+00   1.5000014308140022e-14
  -2.7929047963226594e-15  -1.8769708010069053e-15  -2.5535294738496489e-01  -3.5150366353889978e-01   0.0000000000000000e+00   0.0000000000000000e+00   1.4155137257402218e-14
  -2.2551405187698492e-15  -2.2169766022983595e-15  -2.6018131507104381e-01  -3.4794487567337118e-01   0.0000000000000000e+00   0.0000000000000000e+00   1.2819027178724370e-14
  -3.9690473130349346e-15  -7.5460471204991109e-16  -2.6496009156648609e-01  -3.4431976866937880e-01   0.0000000000000000e+00   0.0000000000000000e+00   1.2585831998088436e-14
  -1.2351231148954867e-15  -3.5093455919010808e-15  -2.6968836602488522e-01  -3.4062903348112361e-01   0.0000000000000000e+00   0.0000000000000000e+00   1.4155062312940768e-14
  -1.8110513089197866e-15  -3.1034202985225079e-15  -2.7436523722564349e-01  -3.3687337357169345e-01   0.0000000000000000e+00   0.0000000000000000e+00   1.6511597823695293e-14
   1.2073675392798577e-15  -6.0298988024953815e-15  -2.7898981374575038e-01  -3.3305350477898876e-01   0.0000000000000000e+00   0.0000000000000000e+00   1.9829258537108052e-14
  -1.1310397063368782e-15  -3.7608804959177178e-15  -2.8356121412968743e-01  -3.2917015517928122e-01   0.0000000000000000e+00   0.0000000000000000e+00   2.6882827269920756e-14
   6.3837823915946501e-16  -5.9171417765568890e-15  -2.8807856705743778e-01  -3.2522406494844547e-01   0.0000000000000000e+00   0.0000000000000000e+00   4.0149034141213159e-14
   5.9743876512641236e-15  -1.1123046927963287e-14  -2.9254101151055995e-01  -3.2121598622084918e-01   0.0000000000000000e+00   0.0000000000000000e+00   5.8400609311361714e-14
   6.3768434976907429e-15  -1.1901937768676873e-14  -2.9694769693630296e-01  -3.1714668294604970e-01   0.0000000000000000e+00   0.0000000000000000e+00   8.2497294063960965e-14
   9.3189345129474077e-15  -1.4804130143986072e-14  -3.0129778340971930e-01  -3.1301693074312176e-01   0.0000000000000000e+00   0.0000000000000000e+00   1.1325551281750947e-13
   7.8270723236073536e-15  -1.3551659794330817e-14  -3.0559044179376038e-01  -3.0882751675287340e-01   0.0000000000000000e+00   0.0000000000000000e+00   1.5138040891902418e-13
   1.6306400674181987e-14  -2.1930374183298795e-14  -3.0982485389731307e-01  -3.0457923948779103e-01   0.0000000000000000e+00   0.0000000000000000e+00   1.9738213003768596e-13
   1.2607970223399434e-14  -1.8065410278822469e-14  -3.1400021263114269e-01  -3.0027290867983153e-01   0.0000000000000000e+00   0.0000000000000000e+00   2.5147655147912084e-13
   1.4238610290817633e-14  -1.9080223512268901e-14  -3.1811572216173356e-01  -2.9590934512611056e-01   0.0000000000000000e+00   0.0000000000000000e+00   3.1347150231705980e-13
   1.4127587988355117e-14  -1.7992551892831443e-14  -3.2217059806297260e-01  -2.9148938053244250e-01   0.0000000000000000e+00   0.0000000000000000e+00   3.8375997909368657e-13
   1.7812140651329855e-14  -2.0095036745715333e-14  -3.2616406746566323e-01  -2.8701385735481427e-01   0.0000000000000000e+00   0.0000000000000000e+00   5.0010696843700033e-13
   2.1115054149589696e-14  -1.7801732310473994e-14  -3.3396375396483402e-01  -2.7789955785703818e-01   0.0000000000000000e+00   0.0000000000000000e+00   7.9635796121853576e-13
   3.2751579226442118e-15   9.5843472047718592e-15  -3.4150883538583165e-01  -2.6857339513215045e-01   0.0000000000000000e+00   0.0000000000000000e+00   1.1760759008237528e-12
  -2.2808144262143060e-14   5.0156059860917424e-14  -3.4879355955938507e-01  -2.5904247919842155e-01   0.0000000000000000e+00   0.0000000000000000e+00   1.6218509134656646e-12
  -6.3143934525555778e-14   1.1273620925678074e-13  -3.5581237280565664e-01  -2.4931407617250001e-01   0.0000000000000000e+00   0.0000000000000000e+00   2.0918347354570419e-12
  -1.4191425812271063e-13   2.1801657701381316e-13  -3.6255992416822636e-01  -2.3939560272995411e-01   0.0000000000000000e+00   0.0000000000000000e+00   2.5136870924532887e-12
  -2.5682928006531824e-13   3.6600583674939458e-13  -3.6903106949352105e-01  -2.2929462045096102e-01   0.0000000000000000e+00   0.0000000000000000e+00   2.7808790872128512e-12
  -4.0703551640319802e-13   5.5161430978500903e-13  -3.7522087535257548e-01  -2.1901883005559730e-01   0.0000000000000000e+00   0.0000000000000000e+00   2.7528418621638016e-12
  -6.0459276474134072e-13   7.8228742927954897e-13  -3.8112462280214882e-01  -2.0857606553298827e-01   0.0000000000000000e+00   0.0000000000000000e+00   3.1244722393822652e-12
  -8.4209722528427733e-13   1.0458994781359365e-12  -3.8673781098232152e-01  -1.9797428816888143e-01   0.0000000000000000e+00   0.0000000000000000e+00   5.1972837779358316e-12
  -1.1158088342178019e-12   1.3280973543139396e-12  -3.9205616054782577e-01  -1.8722158047620724e-01   0.0000000000000000e+00   0.0000000000000000e+00   8.2475706074908286e-12
  -1.3889306371694943e-12   1.5864323743564057e-12  -3.9707561693051024e-01  -1.7632614003315100e-01   0.0000000000000000e+00   0.0000000000000000e+00   1.2025454252833936e-11
  -1.6636206301434697e-12   1.8117868316736008e-12  -4.0179235343041914e-01  -1.6529627323354523e-01   0.0000000000000000e+00   0.0000000000000000e+00   1.6454186964392927e-11
  -1.8775883625643530e-12   1.9366244718987957e-12  -4.0620277413317940e-01  -1.5414038895432186e-01   0.0000000000000000e+00   0.0000000000000000e+00   2.1367541939247729e-11
  -2.0088236629689504e-12   1.9324264410869318e-12  -4.1030351665141551e-01  -1.4286699214476611e-01   0.0000000000000000e+00   0.0000000000000000e+00   2.6504865011040353e-11
  -2.0108914533523148e-12   1.7536180840771465e-12  -4.1409145468814740e-01  -1.3148467734259467e-01   0.0000000000000000e+00   0.0000000000000000e+00   3.1516485432733228e-11
  -1.8240131627322853e-12   1.3443586521777462e-12  -4.1756370042019580e-01  -1.2000212212171719e-01   0.0000000000000000e+00   0.0000000000000000e+00   3.5980837880600124e-11
  -1.4365106326685861e-12   7.0166789045700284e-13  -4.2071760669978048e-01  -1.0842808047664783e-01   0.0000000000000000e+00   0.0000000000000000e+00   4.3030534462299713e-11
  -8.0830481197224913e-13  -1.9849052956821822e-13  -4.2355076907263767e-01  -9.6771376148724136e-02   0.0000000000000000e+00   0.0000000000000000e+00   5.0945621397189597e-11
   6.6766037143395351e-14  -1.3421694311510635e-12  -4.2606102761111725e-01  -8.5040895899104518e-02   0.0000000000000000e+00   0.0000000000000000e+00   5.8028383519240667e-11
   1.1720069359455465e-12  -2.6902577388021598e-12  -4.2824646856085496e-01  -7.3245582733734590e-02   0.0000000000000000e+00   0.0000000000000000e+00   6.3698027065374710e-11
   2.4864485470565967e-12  -4.1965944608257644e-12  -4.3010542579977945e-01  -6.1394429085450661e-02   0.0000000000000000e+00   0.0000000000000000e+00   6.7409670092837563e-11
   3.9487510483660060e-12  -5.7793977936704266e-12  -4.3163648210831990e-01  -4.9496469958377823e-02   0.0000000000000000e+00   0.0000000000000000e+00   6.8708657563220295e-11
   5.4742529953522023e-12  -7.3361663965876289e-12  -4.3283847024986027e-01  -3.7560776039882844e-02   0.0000000000000000e+00   0.0000000000000000e+00   6.7280679672252486e-11
   6.9818317793846063e-12  -8.7746199195493091e-12  -4.3371047386062395e-01  -2.5596446785332023e-02   0.0000000000000000e+00   0.0000000000000000e+00   6.2991590619624590e-11
   8.3752865753794481e-12  -9.9948521681270108e-12  -4.3425182814827468e-01  -1.3612603480909459e-02   0.0000000000000000e+00   0.0000000000000000e+00   5.5911679097646523e-11
   9.5655983134435019e-12  -1.0915782167053578e-11  -4.3446212039874754e-01  -1.6183822897934685e-03   0.0000000000000000e+00   0.0000000000000000e+00   4.6320748252522803e-11
   1.0456392696145400e-11  -1.1456932624831495e-11  -4.3434119029088175e-01   1.0377072713010048e-02   0.0000000000000000e+00   0.0000000000000000e+00   4.2024089967827621e-11
   1.0992248777874636e-11  -1.1585982173656362e-11  -4.3388913001864504e-01   2.2364616511859892e-02   0.0000000000000000e+00   0.0000000000000000e+00   4.6902143065280400e-11
   1.1130291133198966e-11  -1.1289802426261986e-11  -4.3310628422084019e-01   3.4335110122401188e-02   0.0000000000000000e+00   0.0000000000000000e+00   5.8442730968470486e-11
   1.0854817045213849e-11  -1.0584783050049396e-11  -4.3199324971835379e-01   4.6279427558881002e-02   0.0000000000000000e+00   0.0000000000000000e+00   6.7837273735904506e-11
   1.0192513499873712e-11  -9.5278646083940544e-12  -4.3055087505915274e-01   5.8188462791552410e-02   0.0000000000000000e+00   0.0000000000000000e+00   7.4591056568452372e-11
   9.1960467019092107e-12  -8.1990941813714358e-12  -4.2878025987135787e-01   7.0053136688872142e-02   0.0000000000000000e+00   0.0000000000000000e+00   7.8404704272336599e-11
   7.9268952513089630e-12  -6.6812944066185764e-12  -4.2668275402491984e-01   8.1864403939196695e-02   0.0000000000000000e+00   0.0000000000000000e+00   7.9194228015316514e-11
   6.4816346734275498e-12  -5.0839332743635168e-12  -4.2425995660250559e-01   9.3613259946676255e-02   0.0000000000000000e+00   0.0000000000000000e+00   7.7089942494259397e-11
   4.9612397523546292e-12  -3.5079300575446837e-12  -4.2151371468040078e-01   1.0529074769614102e-01   0.0000000000000000e+00   0.0000000000000000e+00   7.2415045810921599e-11
   3.4506980606252569e-12  -2.0363224995101348e-12  -4.1844612192034408e-01   1.1688796458167430e-01   0.0000000000000000e+00   0.0000000000000000e+00   6.5646995221448817e-11
   2.0514215326450369e-12  -7.5370265584240315e-13  -4.1505951697338833e-01   1.2839606919373320e-01   0.0000000000000000e+00   0.0000000000000000e+00   5.7366673622025768e-11
   8.2272383350456835e-13   2.9757446506906149e-13  -4.1135648169696576e-01   1.3980628805961309e-01   0.0000000000000000e+00   0.0000000000000000e+00   4.8201492221502561e-11
  -1.8756524111651629e-13   1.0935419236801636e-12  -4.0733983918656519e-01   1.5110992233210480e-01   0.0000000000000000e+00   0.0000000000000000e+00   4.2104257916082518e-11
  -9.5623509110964733e-13   1.6318682516391902e-12  -4.0301265162348182e-01   1.6229835442125690e-01   0.0000000000000000e+00   0.0000000000000000e+00   3.6573414286023982e-11
  -1.4658656233290657e-12   1.9191037647914300e-12  -3.9837821794029854e-01   1.7336305456420262e-01   0.0000000000000000e+00   0.0000000000000000e+00   3.0512080900357564e-11
  -1.7561924137154961e-12   2.0080118123821933e-12  -3.9344007130586589e-01   1.8429558732803625e-01   0.0000000000000000e+00   0.0000000000000000e+00   2.4382789925867581e-11
  -1.8414610114536600e-12   1.9263340922393013e-12  -3.8820197643172027e-01   1.9508761804073380e-01   0.0000000000000000e+00   0.0000000000000000e+00   1.8571734171297052e-11
  -1.7734390345136575e-12   1.7312748457065652e-12  -3.8266792670196359e-01   2.0573091914530187e-01   0.0000000000000000e+00   0.0000000000000000e+00   1.3368122466101142e-11
  -1.5942455688922053e-12   1.4661813430016934e-12  -3.7684214112881786e-01   2.1621737647225137e-01   0.0000000000000000e+00   0.0000000000000000e+00   8.9563295327310600e-12
  -1.3522898079099122e-12   1.1759482276829658e-12  -3.7072906113615800e-01   2.2653899542560668e-01   0.0000000000000000e+00   0.0000000000000000e+00   5.4197699920495031e-12
  -1.0787933046874087e-12   8.8612450710456869e-13  -3.6433334717348753e-01   2.3668790707777981e-01   0.0000000000000000e+00   0.0000000000000000e+00   3.8541614844724110e-12
  -8.2202994411417762e-13   6.3393040816706048e-13  -3.5765987516293368e-01   2.4665637416863517e-01   0.0000000000000000e+00   0.0000000000000000e+00   3.9812399772538003e-12
  -5.8978169570345074e-13   4.2196801608440637e-13  -3.5071373278197321e-01   2.5643679700415556e-01   0.0000000000000000e+00   0.0000000000000000e+00   3.8667445203731975e-12
  -3.8597944285179153e-13   2.4731605652306143e-13  -3.4350021558471572e-01   2.6602171925026513e-01   0.0000000000000000e+00   0.0000000000000000e+00   3.4098505920910362e-12
  -2.4637583639908200e-13   1.3619660954589108e-13  -3.3602482296471148e-01   2.7540383361733922e-01   0.0000000000000000e+00   0.0000000000000000e+00   2.7817393788777636e-12
  -1.3776133012122216e-13   5.3852755588223999e-14  -3.2829325396236708e-01   2.8457598743105833e-01   0.0000000000000000e+00   0.0000000000000000e+00   2.1131204297114003e-12
  -6.9270977842705861e-14   6.9319550100033211e-15  -3.2031140292013915e-01   2.9353118808546158e-01   0.0000000000000000e+00   0.0000000000000000e+00   1.4929975262158111e-12
  -2.4794402642136504e-14  -2.2710999747488358e-14  -3.1208535498884737e-01   3.0226260837388857e-01   0.0000000000000000e+00   0.0000000000000000e+00   9.7239567288618387e-13
  -1.0644263248593688e-14  -2.7478019859472624e-14  -3.0362138148851647e-01   3.1076359169389028e-01   0.0000000000000000e+00   0.0000000000000000e+00   5.7701270603568109e-13
  -8.7724966180147135e-15  -2.5986157670132570e-14  -2.9492593512729098e-01   3.1902765712201470e-01   0.0000000000000000e+00   0.0000000000000000e+00   3.7611249052586911e-13
  -1.2488274303557034e-14  -2.0511370379949767e-14  -2.8600564508206644e-01   3.2704850435470773e-01   0.0000000000000000e+00   0.0000000000000000e+00   2.1931132291502180e-13
  -2.6933316688015907e-14  -8.5348395018058909e-15  -2.7686731194457215e-01   3.3482001851150445e-01   0.0000000000000000e+00   0.0000000000000000e+00   1.0869606967441250e-13
  -3.1290942059669646e-14  -5.3984594572398237e-15  -2.6751790253679331e-01   3.4233627479682777e-01   0.0000000000000000e+00   0.0000000000000000e+00   5.0825291090565617e-14
  -3.2820968165481190e-14  -6.4948046940571658e-15  -2.5796454459963952e-01   3.4959154301692097e-01   0.0000000000000000e+00   0.0000000000000000e+00   6.7141403871724355e-14
  -3.7681663345168204e-14  -3.0600522116230877e-15  -2.4821452135895761e-01   3.5658029194838742e-01   0.0000000000000000e+00   0.0000000000000000e+00   6.5275770418197600e-14
  -4.2630829422130034e-14  -1.1796119636642288e-16  -2.3827526597298496e-01   3.6329719355502665e-01   0.0000000000000000e+00   0.0000000000000000e+00   5.5955405140394947e-14
  -4.5314446639466155e-14   1.5404344466674047e-15  -2.2815435586551128e-01   3.6973712704981387e-01   0.0000000000000000e+00   0.0000000000000000e+00   4.5429598639058767e-14
  -5.0756274183605399e-14   4.1078251911130792e-15  -2.1785950694905074e-01   3.7589518279883927e-01   0.0000000000000000e+00   0.0000000000000000e+00   3.6593954935897226e-14
  -4.9280024505549136e-14   2.5465740627339528e-15  -2.0739856774244136e-01   3.8176666606428566e-01   0.0000000000000000e+00   0.0000000000000000e+00   3.0210851683424233e-14
  -5.1572461579052487e-14   2.7061686225238191e-15  -1.9677951338733118e-01   3.8734710058357213e-01   0.0000000000000000e+00   0.0000000000000000e+00   2.5957520910236839e-14
  -5.2126705729627076e-14   2.3175905639050143e-15  -1.8601043956815483e-01   3.9263223198193847e-01   0.0000000000000000e+00   0.0000000000000000e+00   2.5582057889260699e-14
  -5.4126841897428335e-14   2.1996293675385914e-15  -1.7509955634019125e-01   3.9761803101585369e-01   0.0000000000000000e+00   0.0000000000000000e+00   2.5635594637856040e-14
  -5.9994544054919885e-14   6.0611238250629640e-15  -1.6405518187044044e-01   4.0230069664482843e-01   0.0000000000000000e+00   0.0000000000000000e+00   2.5684826229130307e-14
  -5.8711716044435036e-14   3.2265856653168612e-15  -1.5288573609607187e-01   4.0667665892920368e-01   0.0000000000000000e+00   0.0000000000000000e+00   2.5603503658260666e-14
  -5.5984730740199495e-14  -1.2281842209915794e-15  -1.4159973430528752e-01   4.1074258175179240e-01   0.0000000000000000e+00   0.0000000000000000e+00   2.5386887096626886e-14
  -6.1923556560206094e-14   2.3731017151362721e-15  -1.3020578064549643e-01   4.1449536536124715e-01   0.0000000000000000e+00   0.0000000000000000e+00   2.5104286421189974e-14
  -6.2418820112597473e-14   8.8817841970012523e-16  -1.1871256156373879e-01   4.1793214873521106e-01   0.0000000000000000e+00   0.0000000000000000e+00   2.4844699559458236e-14
  -6.4352169426573624e-14   1.9081958235744878e-16  -1.0712883918437065e-01   4.2105031176150925e-01   0.0000000000000000e+00   0.0000000000000000e+00   2.4678850403854050e-14
  -7.2647617088694716e-14   5.5302984414140610e-15  -9.5463444629052222e-02   4.2384747723563776e-01   0.0000000000000000e+00   0.0000000000000000e+00   2.4643570160452854e-14
  -6.9248426437518162e-14  -2.4286128663675299e-16  -8.3725271284141700e-02   4.2632151267306911e-01   0.0000000000000000e+00   0.0000000000000000e+00   2.4743277203810663e-14
  -7.3521050358849038e-14   1.0338951916821770e-15  -7.1923268020604086e-02   4.2847053193503692e-01   0.0000000000000000e+00   0.0000000000000000e+00   2.4959316934286064e-14
  -7.4067488253781733e-14  -8.4307560932472825e-16  -6.0066432371638993e-02   4.3029289666644521e-01   0.0000000000000000e+00   0.0000000000000000e+00   2.5259447600415278e-14
  -7.4967809737813695e-14  -3.0184188481996443e-15  -4.8163803673195914e-02   4.3178721754492283e-01   0.0000000000000000e+00   0.0000000000000000e+00   2.5603845733562290e-14
  -8.0078305098041369e-14  -9.8532293435482643e-16  -3.6224456172627192e-02   4.3295235533999893e-01   0.0000000000000000e+00   0.0000000000000000e+00   2.5947853615055995e-14
  -8.1263121232133528e-14  -3.3271996269235160e-15  -2.4257492110722107e-02   4.3378742178163093e-01   0.0000000000000000e+00   0.0000000000000000e+00   2.6243632105864467e-14
  -8.4546952772157624e-14  -3.0600522116230877e-15  -1.3471152375348339e-02   4.3425623918734180e-01   0.0000000000000000e+00   0.0000000000000000e+00   2.6428469080276718e-14
  -8.5837587038284369e-14  -4.5345671662033737e-15  -2.6764938006232108e-03   4.3445689038199148e-01   0.0000000000000000e+00   0.0000000000000000e+00   2.6501671065792283e-14
  -9.0453686207858652e-14  -2.8657631823136853e-15   8.1198175890454874e-03   4.3438925145746421e-01   0.0000000000000000e+00   0.0000000000000000e+00   2.6480631538947320e-14
  -1.0109101056254843e-13   4.6039561052424460e-15   1.8911114748587119e-02   4.3405336418282064e-01   0.0000000000000000e+00   0.0000000000000000e+00   2.6347224797564623e-14
  -1.0335482469869817e-13   4.1373154902046849e-15   2.8613487141555843e-02   4.3352188130826713e-01   0.0000000000000000e+00   0.0000000000000000e+00   2.6144700186996580e-14
  -9.8799440850783071e-14  -3.6064901065557819e-15   3.8301546950701433e-02   4.3277354900760562e-01   0.0000000000000000e+00   0.0000000000000000e+00   2.5890163176608974e-14
  -1.0056885879627941e-13  -4.7115089607530081e-15   4.7970448168704952e-02   4.3180874159973776e-01   0.0000000000000000e+00   0.0000000000000000e+00   2.5609553699038327e-14
  -1.0542608452901447e-13  -2.9802549317281546e-15   5.7615354371453667e-02   4.3062794168528917e-01   0.0000000000000000e+00   0.0000000000000000e+00   2.5328254243016541e-14
  -1.0591180710228798e-13  -5.4418275441392439e-15   6.7231441137240097e-02   4.2923173990522251e-01   0.0000000000000000e+00   0.0000000000000000e+00   2.5070263557631181e-14
  -1.1383949338750199e-13  -8.0144224590128488e-16   7.6813898459957439e-02   4.2762083464541439e-01   0.0000000000000000e+00   0.0000000000000000e+00   2.4857663295141707e-14
  -1.1841569391712881e-13   7.5286998857393428e-16   8.6357933155084457e-02   4.2579603168728491e-01   0.0000000000000000e+00   0.0000000000000000e+00   2.4709928730162336e-14
  -1.2012266181748998e-13  -1.0651202142497596e-15   9.5858771257256628e-02   4.2375824380477067e-01   0.0000000000000000e+00   0.0000000000000000e+00   2.4642507988990991e-14
  -1.2545173233569074e-13   1.0399667238480959e-15   1.0531166040822071e-01   4.2150849030775334e-01   0.0000000000000000e+00   0.0000000000000000e+00   2.4664280362401708e-14
  -1.3133244491925211e-13   3.8224631793148944e-15   1.1471187223398903e-01   4.1904789653216151e-01   0.0000000000000000e+00   0.0000000000000000e+00   2.4774047348805273e-14
  -1.3359799377887782e-13   2.0755966390062497e-15   1.2405470470998597e-01   4.1637769327712093e-01   0.0000000000000000e+00   0.0000000000000000e+00   2.4957012744887817e-14
  -1.3350778815812703e-13  -1.4632392519864368e-15   1.3333548451302404e-01   4.1349921618925900e-01   0.0000000000000000e+00   0.0000000000000000e+00   2.5183022240836387e-14
  -1.3576986757080078e-13  -3.7912381567473119e-15   1.4254956935891558e-01   4.1041390509465459e-01   0.0000000000000000e+00   0.0000000000000000e+00   2.5408796786260796e-14
  -1.4099485468044293e-13  -1.7902346272080649e-15   1.5169235032456516e-01   4.0712330327858498e-01   0.0000000000000000e+00   0.0000000000000000e+00   2.5586115095593909e-14
  -1.4598738884430418e-13  -9.7317987002298878e-16   1.6075925415337386e-01   4.0362905671359783e-01   0.0000000000000000e+00   0.0000000000000000e+00   2.5676572690128604e-14
  -1.5494550087424841e-13   5.0723314437561839e-15   1.6974574554279304e-01   3.9993291323617919e-01   0.0000000000000000e+00   0.0000000000000000e+00   2.5671074171760681e-14
  -1.5796391972244805e-13   3.7218492177082396e-15   1.7864732941291392e-01   3.9603672167248555e-01   0.0000000000000000e+00   0.0000000000000000e+00   2.5608827496387213e-14
  -1.6402157410055906e-13   5.9873980773339497e-15   1.8745955315491042e-01   3.9194243091354369e-01   0.0000000000000000e+00   0.0000000000000000e+00   2.5586903050624666e-14
  -1.6830981053317373e-13   5.7627513871949532e-15   1.9617800885826445e-01   3.8765208894041303e-01   0.0000000000000000e+00   0.0000000000000000e+00   2.5768240246512023e-14
  -1.6787959911113148e-13   2.0990154059319366e-16   2.0479833551561383e-01   3.8316784179976693e-01   0.0000000000000000e+00   0.0000000000000000e+00   2.8990077996526118e-14
  -1.7646301087026472e-13   5.1850884696946764e-15   2.1331622120414864e-01   3.7849193253045582e-01   0.0000000000000000e+00   0.0000000000000000e+00   3.3511924144372326e-14
  -1.8236800958248978e-13   6.0958182945825001e-15   2.2172740524245360e-01   3.7362670004150789e-01   0.0000000000000000e+00   0.0000000000000000e+00   3.9617125920669212e-14
  -1.8221535391660382e-13   5.4990734188464785e-16   2.3002768032171655e-01   3.6857457794219178e-01   0.0000000000000000e+00   0.0000000000000000e+00   4.7287382881140709e-14
  -1.8837709170327344e-13   2.4980018054066022e-15   2.3821289461024006e-01   3.6333809332475020e-01   0.0000000000000000e+00   0.0000000000000000e+00   5.5889212700942350e-14
  -1.8868240303504535e-13  -3.7990444123892075e-15   2.4627895383021303e-01   3.5791986550029470e-01   0.0000000000000000e+00   0.0000000000000000e+00   6.3780988245740389e-14
  -1.9749479829300753e-13  -1.1449174941446927e-16   2.5422182330567156e-01   3.5232260468864957e-01   0.0000000000000000e+00   0.0000000000000000e+00   6.7878816843018070e-14
  -2.0308754677955676e-13  -1.0772632785815972e-15   2.6203752998067525e-01   3.4654911066266270e-01   0.0000000000000000e+00   0.0000000000000000e+00   6.3245753368084956e-14
  -2.0400348077487251e-13  -6.2484739604684592e-15   2.6972216440663366e-01   3.4060227134776488e-01   0.0000000000000000e+00   0.0000000000000000e+00   5.4999159287226596e-14
  -1.9955564978246798e-13  -1.8762769116165146e-14   2.7727188269783931e-01   3.3448506137741330e-01   0.0000000000000000e+00   0.0000000000000000e+00   1.1263535016924511e-13
  -1.9899359937625150e-13  -2.4617460847586869e-14   2.8468290845418220e-01   3.2820054060517029e-01   0.0000000000000000e+00   0.0000000000000000e+00   2.0033165502676316e-13
  -2.0276835765997703e-13  -2.5928911795425336e-14   2.9195153465013546e-01   3.2175185257414735e-01   0.0000000000000000e+00   0.0000000000000000e+00   3.1814556110728087e-13
  -2.0879825646247241e-13  -2.2841104008186619e-14   2.9907412548901274e-01   3.1514222294459088e-01   0.0000000000000000e+00   0.0000000000000000e+00   4.6636897961383339e-13
  -2.1258689253400576e-13  -2.0651882981503888e-14   3.0604711822161546e-01   3.0837495788038938e-01   0.0000000000000000e+00   0.0000000000000000e+00   6.7282432174255571e-13
  -2.2912921560092059e-13  -1.9428902930940239e-15   3.1286702492832863e-01   3.0145344239534466e-01   0.0000000000000000e+00   0.0000000000000000e+00   1.0162558956405754e-12
  -2.5313778850843960e-13   2.7877006258947290e-14   3.1953043426379835e-01   2.9438113865993071e-01   0.0000000000000000e+00   0.0000000000000000e+00   1.4380525964778046e-12
  -2.9445196281230324e-13   7.8562156780037640e-14   3.2603401316329661e-01   2.8716158426953514e-01   0.0000000000000000e+00   0.0000000000000000e+00   1.9277800388072698e-12
  -3.5687425237185266e-13   1.5467488401199603e-13   3.3237450850993361e-01   2.7979839047492544e-01   0.0000000000000000e+00   0.0000000000000000e+00   2.4619691986315147e-12
  -4.3908626734534550e-13   2.5265553538211805e-13   3.3854874876188473e-01   2.7229524037588837e-01   0.0000000000000000e+00   0.0000000000000000e+00   3.0014859329323552e-12
  -5.5429966172582112e-13   3.8495595600096522e-13   3.4455364553880102e-01   2.6465588707893739e-01   0.0000000000000000e+00   0.0000000000000000e+00   3.4896799634136958e-12
  -7.0451283695760480e-13   5.5152757361121019e-13   3.5038619516663644e-01   2.5688415181996832e-01   0.0000000000000000e+00   0.0000000000000000e+00   3.8517186082695024e-12
  -8.7507084911564448e-13   7.3176187331824849e-13   3.5604348018009713e-01   2.4898392205289080e-01   0.0000000000000000e+00   0.0000000000000000e+00   3.9954750529680010e-12
  -1.0869430355775478e-12   9.4564980845923685e-13   3.6152267078196504e-01   2.4095914950509428e-01   0.0000000000000000e+00   0.0000000000000000e+00   3.8142565305063539e-12
  -1.3145665112013205e-12   1.1618588036110822e-12   3.6682102625858282e-01   2.3281384820076392e-01   0.0000000000000000e+00   0.0000000000000000e+00   4.3552879932870090e-12
  -1.5558110355584631e-12   1.3736511927930906e-12   3.7193589635076613e-01   2.2455209245307309e-01   0.0000000000000000e+00   0.0000000000000000e+00   6.0358361755822233e-12
  -1.8050977379502342e-12   1.5726760171919096e-12   3.7686472257947196e-01   2.1617801482619400e-01   0.0000000000000000e+00   0.0000000000000000e+00   8.9713917926593792e-12
  -2.0327212135740069e-12   1.7252137218815022e-12   3.8160503952557029e-01   2.0769580406814375e-01   0.0000000000000000e+00   0.0000000000000000e+00   1.2482759685621315e-11
  -2.2179549863388104e-12   1.8075957397556408e-12   3.8615447606305081e-01   1.9910970301558273e-01   0.0000000000000000e+00   0.0000000000000000e+00   1.6530544424133732e-11
  -2.3470600463149083e-12   1.8077102315050553e-12   3.9051075654506950e-01   1.9042400647153665e-01   0.0000000000000000e+00   0.0000000000000000e+00   2.1032463932144615e-11
  -2.3828994333285891e-12   1.6884028897212744e-12   3.9467170194224621e-01   1.8164305905708472e-01   0.0000000000000000e+00   0.0000000000000000e+00   2.5860913459324953e-11
  -2.3023805084676496e-12   1.4314105456492143e-12   3.9863523093261460e-01   1.7277125303819127e-01   0.0000000000000000e+00   0.0000000000000000e+00   3.0843655658265850e-11
  -2.0815640877636099e-12   1.0190320809400077e-12   4.0239936094271034e-01   1.6381302612866896e-01   0.0000000000000000e+00   0.0000000000000000e+00   3.5768038229996995e-11
  -1.7095422299995278e-12   4.5081299804294872e-13   4.0596220913926301e-01   1.5477285927042650e-01   0.0000000000000000e+00   0.0000000000000000e+00   4.0388873973278898e-11
  -1.1671566491067153e-12  -2.8446689448458073e-13   4.0932199337099956e-01   1.4565527439206000e-01   0.0000000000000000e+00   0.0000000000000000e+00   4.4439807939912278e-11
  -4.4822479061679132e-13  -1.1792164467117061e-12   4.1247703306007460e-01   1.3646483214698160e-01   0.0000000000000000e+00   0.0000000000000000e+00   5.0948683765492098e-11
   4.2984366066534108e-13  -2.2043131209237288e-12   4.1542575004270282e-01   1.2720612963217059e-01   0.0000000000000000e+00   0.0000000000000000e+00   5.8278020094223858e-11
   1.4617751453727124e-12  -3.3423194767401299e-12   4.1816666935856678e-01   1.1788379808866500e-01   0.0000000000000000e+00   0.0000000000000000e+00   6.4983863221701560e-11
   2.6197169433750389e-12  -4.5575140883435949e-12   4.2069841998858959e-01   1.0850250058501917e-01   0.0000000000000000e+00   0.0000000000000000e+00   7.0731556964219952e-11
   3.8569911153807368e-12  -5.7918878026974596e-12   4.2301973554072159e-01   9.9066929684796440e-02   0.0000000000000000e+00   0.0000000000000000e+00   7.5204306264149699e-11
   5.1431914283028846e-12  -7.0128070017716482e-12   4.2512945488340093e-01   8.9581805099334263e-02   0.0000000000000000e+00   0.0000000000000000e+00   7.8123319905045625e-11
   6.4079366812741512e-12  -8.1464071599590682e-12   4.2702652272634373e-01   8.0051871326951296e-02   0.0000000000000000e+00   0.0000000000000000e+00   7.9266744262785169e-11
   7.6195924569866236e-12  -9.1665910972871245e-12   4.2870999014841793e-01   7.0481895279670026e-02   0.0000000000000000e+00   0.0000000000000000e+00   7.8485912539743399e-11
   8.7112331237371166e-12  -1.0011706741419601e-11   4.3017901507228179e-01   6.0876663898854891e-02   0.0000000000000000e+00   0.0000000000000000e+00   7.5717577995381045e-11
   9.6352439915570187e-12  -1.0645220815952428e-11   4.3143286268560843e-01   5.1240981760713025e-02   0.0000000000000000e+00   0.0000000000000000e+00   7.0991065371839431e-11
   1.0337238010027505e-11  -1.1023994217485011e-11   4.3247090580863440e-01   4.1579668673050171e-02   0.0000000000000000e+00   0.0000000000000000e+00   6.4429641937551706e-11
   1.0803948014004305e-11  -1.1155382173555495e-11   4.3329262520788736e-01   3.1897557264369880e-02   0.0000000000000000e+00   0.0000000000000000e+00   5.6245847756782062e-11
   1.0986052345618447e-11  -1.1002157518369415e-11   4.3389760985590031e-01   2.2199490566589493e-02   0.0000000000000000e+00   0.0000000000000000e+00   4.6730995685534607e-11
   1.0894750379630835e-11  -1.0595122001966217e-11   4.3428555713682243e-01   1.2490319592499011e-02   0.0000000000000000e+00   0.0000000000000000e+00   4.1853804715708624e-11
   1.0523970583875553e-11  -9.9422831079110097e-12   4.3445627299778661e-01   2.7749009093143012e-03   0.0000000000000000e+00   0.0000000000000000e+00   4.2268262594459000e-11
   9.9004068832009295e-12  -9.0865162616360351e-12   4.3440967204597725e-01  -6.9419057906352083e-03   0.0000000000000000e+00   0.0000000000000000e+00   5.0860771019782275e-11
   9.0412122233374248e-12  -8.0531345481027472e-12   4.3414577759134720e-01  -1.6655240120725563e-02   0.0000000000000000e+00   0.0000000000000000e+00   5.7960820956933883e-11
   8.0014744829881579e-12  -6.9054206797147799e-12   4.3366472163496317e-01  -2.6360243431245080e-02   0.0000000000000000e+00   0.0000000000000000e+00   6.3350314984759482e-11
   6.8175604051035066e-12  -5.6815385729436230e-12   4.3296674480297076e-01  -3.6052061239665131e-02   0.0000000000000000e+00   0.0000000000000000e+00   6.6897682005805053e-11
   5.5435586676644277e-12  -4.4342168825650674e-12   4.3205219622624441e-01  -4.5725845658928260e-02   0.0000000000000000e+00   0.0000000000000000e+00   6.8562181735094349e-11
   4.2403303091020916e-12  -3.2205349498326541e-12   4.3092153336574174e-01  -5.5376757822339986e-02   0.0000000000000000e+00   0.0000000000000000e+00   6.8392319005370984e-11
   2.9552332803106651e-12  -2.0796003807888042e-12   4.2957532178368357e-01  -6.4999970303994223e-02   0.0000000000000000e+00   0.0000000000000000e+00   6.6518694343848928e-11
   1.7408921526573806e-12  -1.0534975669607149e-12   4.2801423486065221e-01  -7.4590669533488696e-02   0.0000000000000000e+00   0.0000000000000000e+00   6.3142035305077128e-11
   6.2495147945540452e-13  -1.5703410793932449e-13   4.2623905345876545e-01  -8.4144058203673600e-02   0.0000000000000000e+00   0.0000000000000000e+00   5.8517493260262637e-11
  -3.5731487213475077e-13   5.8736349117793907e-13   4.2425066553108204e-01  -9.3655357670300185e-02   0.0000000000000000e+00   0.0000000000000000e+00   5.2936525185243386e-11
  -1.1814646483365721e-12   1.1668443988810395e-12   4.2205006567744585e-01  -1.0311981034230044e-01   0.0000000000000000e+00   0.0000000000000000e+00   4.6707792922105880e-11
  -1.8484727637435583e-12   1.5939888298177607e-12   4.1963835464697458e-01  -1.1253268206155731e-01   0.0000000000000000e+00   0.0000000000000000e+00   4.0138499154805672e-11
  -2.3402529913951753e-12   1.8600815332447951e-12   4.1701673878746437e-01  -1.2188926447097886e-01   0.0000000000000000e+00   0.0000000000000000e+00   3.5306328242411339e-11
  -2.6774797656781146e-12   1.9931764572156396e-12   4.1418652944196366e-01  -1.3118487736958417e-01   0.0000000000000000e+00   0.0000000000000000e+00   3.1642480658424236e-11
  -2.8721018618949046e-12   2.0103085862643866e-12   4.1114914229283828e-01  -1.4041487105361247e-01   0.0000000000000000e+00   0.0000000000000000e+00   2.7612655275518960e-11
  -2.9488807229416381e-12   1.9394416628237821e-12   4.0790609665363270e-01  -1.4957462864229731e-01   0.0000000000000000e+00   0.0000000000000000e+00   2.3445291749942836e-11
  -2.9213749475065498e-12   1.7936901963722107e-12   4.0445901470911400e-01  -1.5865956838725123e-01   0.0000000000000000e+00   0.0000000000000000e+00   1.9339861292226811e-11
  -2.8181797173676415e-12   1.6000742397714873e-12   4.0080962070383697e-01  -1.6766514596428300e-01   0.0000000000000000e+00   0.0000000000000000e+00   1.5459590877447852e-11
  -2.6578669820587209e-12   1.3742409987749227e-12   3.9695974007967905e-01  -1.7658685674648456e-01   0.0000000000000000e+00   0.0000000000000000e+00   1.1927578933781188e-11
  -2.4769630790899555e-12   1.1496012475298301e-12   3.9291129856274154e-01  -1.8542023805745766e-01   0.0000000000000000e+00   0.0000000000000000e+00   8.8261382973527414e-12
  -2.2804119703678793e-12   9.2519047978356639e-13   3.8866632120009897e-01  -1.9416087140357985e-01   0.0000000000000000e+00   0.0000000000000000e+00   6.1989642320089882e-12
  -2.0969649627833320e-12   7.2543360207788510e-13   3.8422693134685953e-01  -2.0280438468413317e-01   0.0000000000000000e+00   0.0000000000000000e+00   4.0555508000247820e-12
  -1.9232775094746302e-12   5.4251741987698665e-13   3.7959534960405827e-01  -2.1134645437826524e-01   0.0000000000000000e+00   0.0000000000000000e+00   2.9434812431598474e-12
  -1.7718604361505186e-12   3.8488656706192614e-13   3.7477389270790168e-01  -2.1978280770761680e-01   0.0000000000000000e+00   0.0000000000000000e+00   2.7685751189347514e-12
  -1.6540657732377895e-12   2.6116608875526026e-13   3.6976497237092781e-01  -2.2810922477359108e-01   0.0000000000000000e+00   0.0000000000000000e+00   2.7957904466000506e-12
  -1.5687173782197306e-12   1.6745632658299314e-13   3.6457109407566041e-01  -2.3632154066816599e-01   0.0000000000000000e+00   0.0000000000000000e+00   2.6177941252804436e-12
  -1.5073775561091907e-12   9.3577923188092882e-14   3.5919485582135346e-01  -2.4441564755719145e-01   0.0000000000000000e+00   0.0000000000000000e+00   2.3130003438081441e-12
  -1.4748636339989574e-12   4.3472170307978786e-14   3.5363894682446334e-01  -2.5238749673514899e-01   0.0000000000000000e+00   0.0000000000000000e+00   1.9454746524781855e-12
  -1.4603908360388829e-12   6.1686766805735260e-15   3.4790614617349180e-01  -2.6023310065033045e-01   0.0000000000000000e+00   0.0000000000000000e+00   1.5642393905885093e-12
  -1.4711617341012229e-12  -1.1171619185290638e-14   3.4199932143887363e-01  -2.6794853489942255e-01   0.0000000000000000e+00   0.0000000000000000e+00   1.2038667623155447e-12
  -1.4952605126294927e-12  -1.9588497490730106e-14   3.3592142723860596e-01  -2.7552994019052218e-01   0.0000000000000000e+00   0.0000000000000000e+00   8.8603052295666387e-13
  -1.5273407538707318e-12  -2.4057145164846361e-14   3.2967550376033733e-01  -2.8297352427355849e-01   0.0000000000000000e+00   0.0000000000000000e+00   6.2166882800207931e-13
  -1.5686531934511194e-12  -2.2815083156046967e-14   3.2326467524065244e-01  -2.9027556383718600e-01   0.0000000000000000e+00   0.0000000000000000e+00   4.1342934220389731e-13
  -1.6086749987653803e-12  -2.6111057760402900e-14   3.1669214840231519e-01  -2.9743240637121970e-01   0.0000000000000000e+00   0.0000000000000000e+00   2.9106107033154473e-13
  -1.6604807806519517e-12  -1.9241552795534744e-14   3.0996121085025174e-01  -3.0444047199362329e-01   0.0000000000000000e+00   0.0000000000000000e+00   1.9900949854655003e-13
  -1.7130082075045294e-12  -1.3745948823640219e-14   3.0307522942707982e-01  -3.1129625524117488e-01   0.0000000000000000e+00   0.0000000000000000e+00   1.2805241664838006e-13
  -1.7638113192219862e-12  -1.1851630787873546e-14   2.9603764852899955e-01  -3.1799632682293094e-01   0.0000000000000000e+00   0.0000000000000000e+00   7.6973673074996338e-14
  -1.8205437157803317e-12  -5.2111093218343285e-15   2.8885198838288811e-01  -3.2453733533556367e-01   0.0000000000000000e+00   0.0000000000000000e+00   4.2916421619053177e-14
  -1.8700839488072774e-12  -6.9805272673306717e-15   2.8152184328547292e-01  -3.3091600893974132e-01   0.0000000000000000e+00   0.0000000000000000e+00   2.2334164427018873e-14
  -1.9231404663200280e-12  -7.0915495697931874e-15   2.7405087980544779e-01  -3.3712915699671747e-01   0.0000000000000000e+00   0.0000000000000000e+00   1.6324019012830030e-14
  -1.9840656895198094e-12  -9.0205620750793969e-17   2.6644283494943849e-01  -3.4317367166430979e-01   0.0000000000000000e+00   0.0000000000000000e+00   1.3002091868494647e-14
  -2.0369365916206306e-12  -3.2196467714129540e-15   2.5870151429273974e-01  -3.4904652945144721e-01   0.0000000000000000e+00   0.0000000000000000e+00   1.3281774959205289e-14
  -2.0964454131022769e-12  -9.6450625264310474e-16   2.5083079007574760e-01  -3.5474479273053883e-01   0.0000000000000000e+00   0.0000000000000000e+00   1.4955172965043622e-14
  -2.1575163530740404e-12   1.0824674490095276e-15   2.4283459926705220e-01  -3.6026561120688094e-01   0.0000000000000000e+00   0.0000000000000000e+00   1.8416699584149913e-14
  -2.2111817585268589e-12  -6.1166349762942218e-15   2.3471694159414677e-01  -3.6560622334438792e-01   0.0000000000000000e+00   0.0000000000000000e+00   2.1193915078569187e-14
  -2.2754194362040181e-12  -4.0696612746415894e-15   2.2648187754274929e-01  -3.7076395774693310e-01   0.0000000000000000e+00   0.0000000000000000e+00   2.2921753178267796e-14
  -2.3428255863100489e-12  -1.0894063429134349e-15   2.1813352632573182e-01  -3.7573623449456900e-01   0.0000000000000000e+00   0.0000000000000000e+00   2.4105071129545439e-14
  -2.4071014279036795e-12  -2.4216739724636227e-15   2.0967606382267098e-01  -3.8052056643405047e-01   0.0000000000000000e+00   0.0000000000000000e+00   2.6461209619077385e-14
  -2.4706070522739765e-12  -7.1644079557842133e-15   2.0111372049105794e-01  -3.8511456042287212e-01   0.0000000000000000e+00   0.0000000000000000e+00   2.8276941401205549e-14
  -2.5465306946470534e-12  -9.0552565445989330e-16   1.9245077925020257e-01  -3.8951591852637502e-01   0.0000000000000000e+00   0.0000000000000000e+00   2.9601544379799476e-14
  -2.6153775325998829e-12  -3.7192471324942744e-15   1.8369157333890693e-01  -3.9372243916715816e-01   0.0000000000000000e+00   0.0000000000000000e+00   3.0493327035375374e-14
  -2.6938295344391960e-12   9.3675067702747583e-16   1.7484048414795181e-01  -3.9773201822630250e-01   0.0000000000000000e+00   0.0000000000000000e+00   3.1009474699287244e-14
  -2.7664459265053232e-12  -2.3245294578089215e-15   1.6590193902851555e-01  -4.0154265009589790e-01   0.0000000000000000e+00   0.0000000000000000e+00   3.1203712490664695e-14
  -2.8410268929079940e-12  -5.5823401456933652e-15   1.5688040907758874e-01  -4.0515242868222817e-01   0.0000000000000000e+00   0.0000000000000000e+00   3.1127186425828862e-14
  -2.9224582823172973e-12  -4.2778280917588063e-15   1.4778040690151648e-01  -4.0855954835920871e-01   0.0000000000000000e+00   0.0000000000000000e+00   3.0829700208673832e-14
  -3.0020525995655412e-12  -6.8521577301083880e-15   1.3860648435877465e-01  -4.1176230487158527e-01   0.0000000000000000e+00   0.0000000000000000e+00   3.0360010469191836e-14
  -3.0882987139824181e-12  -5.3949900102878701e-15   1.2936323028310870e-01  -4.1475909618738405e-01   0.0000000000000000e+00   0.0000000000000000e+00   2.9765007218288161e-14
  -3.1739888495252444e-12  -6.5190908227208411e-15   1.2005526818818180e-01  -4.1754842329928754e-01   0.0000000000000000e+00   0.0000000000000000e+00   2.9088215347888011e-14
  -3.2663281801514898e-12  -3.5874081483200371e-15   1.1068725395487543e-01  -4.2012889097441081e-01   0.0000000000000000e+00   0.0000000000000000e+00   2.8368219101129029e-14
  -3.3556464898443217e-12  -6.2762295360840881e-15   1.0126387350239464e-01  -4.2249920845221411e-01   0.0000000000000000e+00   0.0000000000000000e+00   2.7637485760900287e-14
  -3.4561719805537017e-12  -1.3183898417423734e-16   9.1789840444357826e-02  -4.2465819009016770e-01   0.0000000000000000e+00   0.0000000000000000e+00   2.6921814208750883e-14
  -3.5475112430960465e-12  -6.0333682494473351e-15   8.2269893731023516e-02  -4.2660475595677932e-01   0.0000000000000000e+00   0.0000000000000000e+00   2.6240393581444479e-14
  -3.6505087147586934e-12  -2.8622937353617317e-15   7.2708795278848881e-02  -4.2833793237180695e-01   0.0000000000000000e+00   0.0000000000000000e+00   2.5606305566722092e-14
  -3.7540578284867010e-12  -1.9845236565174673e-15   6.3111327588560501e-02  -4.2985685239328925e-01   0.0000000000000000e+00   0.0000000000000000e+00   2.5027260655323114e-14
  -3.8558115034170726e-12  -5.9032639887490745e-15   5.3482291352927168e-02  -4.3116075625119021e-01   0.0000000000000000e+00   0.0000000000000000e+00   2.4506399363074796e-14
  -3.9657287870253910e-12  -4.3992587350771828e-15   4.3826503055433480e-02  -4.3224899172744191e-01   0.0000000000000000e+00   0.0000000000000000e+00   2.4043068270701543e-14
  -4.0796047096058885e-12  -2.1649348980190553e-15   3.4148792561055602e-02  -4.3312101448219070e-01   0.0000000000000000e+00   0.0000000000000000e+00   2.3633553412381513e-14
  -4.1900510838743799e-12  -6.4601102245376296e-15   2.4454000700342596e-02  -4.3377638832606746e-01   0.0000000000000000e+00   0.0000000000000000e+00   2.3271793036940009e-14
  -4.3090149504099173e-12  -5.4383580971872902e-15   1.4746976848012820e-02  -4.3421478543838599e-01   0.0000000000000000e+00   0.0000000000000000e+00   2.2950093764389132e-14
  -4.4295331291799300e-12  -6.2970462177958098e-15   5.0325764972776483e-03  -4.3443598653110999e-01   0.0000000000000000e+00   0.0000000000000000e+00   2.2659852783654218e-14
  -4.4987780861704962e-12  -1.5369649997154511e-15  -2.5113557559103520e-05  -4.3446513391613889e-01   0.0000000000000000e+00   0.0000000000000000e+00   2.2519671089744235e-14
