338 6
-0.825280495029094 4.17421465952117e-07 -2.68388302783294e-06 -0.932231552878386 -0 -0
-0.825280495029094 4.17421705558909e-07 -2.68388456842598e-06 -0.932231552878385 -0 -0
-0.825280495029094 4.17422184772494e-07 -2.68388764961204e-06 -0.932231552878385 -0 -0
-0.825280495029094 4.17423143199663e-07 -2.68389381198417e-06 -0.932231552878384 -0 -0
-0.825280495029094 4.17425060054002e-07 -2.68390613672843e-06 -0.932231552878383 -0 -0
-0.825280495029095 4.17428893762679e-07 -2.68393078621694e-06 -0.93223155287838 -0 -0
-0.825280495029096 4.17436561180033e-07 -2.68398008519397e-06 -0.932231552878375 -0 -0
-0.825280495029098 4.17451896014742e-07 -2.68407868314804e-06 -0.932231552878364 -0 -0
-0.825280495029102 4.17482565684158e-07 -2.68427587905616e-06 -0.932231552878343 -0 -0
-0.82528049502911 4.17543905022991e-07 -2.68467027087241e-06 -0.9322315528783 -0 -0
-0.825280495029127 4.17666583700657e-07 -2.68545905450491e-06 -0.932231552878213 -0 -0
-0.82528049502916 4.17911941055989e-07 -2.6870366217699e-06 -0.932231552878041 -0 -0
-0.825280495029227 4.18402655766657e-07 -2.69019175629987e-06 -0.932231552877695 -0 -0
-0.825280495029362 4.19384085188004e-07 -2.69650202535979e-06 -0.932231552877003 -0 -0
-0.825280495029631 4.21346944030746e-07 -2.70912256347947e-06 -0.932231552875615 -0 -0
-0.825280495030173 4.2527266171642e-07 -2.73436363971825e-06 -0.932231552872817 -0 -0
-0.825280495031273 4.33124097088535e-07 -2.78484579219341e-06 -0.932231552867145 -0 -0
-0.825280495033534 4.48826967835901e-07 -2.88581009713401e-06 -0.93223155285549 -0 -0
-0.825280495038296 4.80232709343701e-07 -3.08773870697463e-06 -0.932231552830934 -0 -0
-0.825280495048786 5.43044192415799e-07 -3.49159592648044e-06 -0.932231552776841 -0 -0
-0.82528049507363 6.68667158819705e-07 -4.29931036468561e-06 -0.932231552648733 -0 -0
-0.825280495138771 9.19913092936369e-07 -5.91473923703181e-06 -0.932231552312828 -0 -0
-0.825280495330868 1.42240496856487e-06 -9.14559695876132e-06 -0.932231551322263 -0 -0
-0.825280495605387 1.92489685816734e-06 -1.23764546370997e-05 -0.932231549906691 -0 -0
-0.825280495962325 2.42738876668041e-06 -1.56073122567182e-05 -0.932231548066111 -0 -0
-0.825280496401684 2.92988069904063e-06 -1.8838169802288e-05 -0.932231545800525 -0 -0
-0.825280497527665 3.93486465504888e-06 -2.52998846099668e-05 -0.932231539994332 -0 -0
-0.825280500768671 5.94483307044007e-06 -3.82233126622755e-05 -0.932231523281862 -0 -0
-0.825280505328404 7.95480242028241e-06 -5.1146737812986e-05 -0.932231499769281 -0 -0
-0.825280518404053 1.19747451870802e-05 -7.69935754854539e-05 -0.932231432343795 -0 -0
-0.825280536754603 1.59946954829572e-05 -0.000102840389779058 -0.932231337717898 -0 -0
-0.825280560380047 2.0014655835418e-05 -0.000128687172845492 -0.932231215891618 -0 -0
-0.825280589280373 2.40346287719501e-05 -0.000154533916836464 -0.932231066864995 -0 -0
-0.825280623455568 2.80546168200217e-05 -0.000180380613903692 -0.932230890638076 -0 -0
-0.825280707630495 3.60946483605305e-05 -0.00023207383587388 -0.932230456583588 -0 -0
-0.825280812904668 4.41347706761321e-05 -0.000283766775970186 -0.932229913728708 -0 -0
-0.825281086749913 6.02153685063583e-05 -0.000387151559399699 -0.932228501620696 -0 -0
-0.825281444989219 7.62965720503145e-05 -0.000490534461914618 -0.932226654321277 -0 -0
-0.825281887619862 9.23785430322013e-05 -0.000593914981247723 -0.932224371839915 -0 -0
-0.825282414638475 0.000108461443156645 -0.000697292615144965 -0.932221654188305 -0 -0
-0.82528302604105 0.000124545434104597 -0.000800666861368247 -0.932218501380373 -0 -0
-0.825283721822937 0.000140630677529206 -0.00090403721769819 -0.932214913432272 -0 -0
-0.825285366502836 0.000172805568257265 -0.00111076425191082 -0.932206432191325 -0 -0
-0.825287348628137 0.000204987407853416 -0.00131746970050777 -0.932196210639271 -0 -0
-0.825289668138543 0.000237177488121838 -0.00152414954669109 -0.932184248985569 -0 -0
-0.82529232496349 0.000269377100026506 -0.00173079977422877 -0.932170547475318 -0 -0
-0.825295319022158 0.00030158753355958 -0.00193741636754341 -0.932155106389244 -0 -0
-0.825298650223471 0.000333810077609794 -0.00214399531180098 -0.932137926043679 -0 -0
-0.8253023184661 0.000366046019830991 -0.00235053259299943 -0.93211900679055 -0 -0
-0.82530632363847 0.000398296646510739 -0.00255702419805731 -0.932098349017358 -0 -0
-0.825315344274911 0.000462847090777263 -0.00296985433255991 -0.932051819638506 -0 -0
-0.825324613818439 0.000521005582889493 -0.00334120500395768 -0.932004002073827 -0 -0
-0.825334972811241 0.000579231580679438 -0.00371234532465235 -0.931950559353883 -0 -0
-0.825346420232767 0.000637532519104993 -0.00408325193529944 -0.931891495021482 -0 -0
-0.825358954955376 0.000695915808348004 -0.00445390149326757 -0.931826812990601 -0 -0
-0.825372575744483 0.000754388831358778 -0.00482427067430142 -0.931756517545672 -0 -0
-0.825387281258724 0.000812958941407931 -0.00519433617418142 -0.931680613340813 -0 -0
-0.825403070050139 0.000871633459646261 -0.00556407471038018 -0.931599105398985 -0 -0
-0.825419940564367 0.000930419672673237 -0.00593346302371511 -0.93151199911109 -0 -0
-0.82543789114085 0.000989324830114805 -0.00630247787999713 -0.931419300234999 -0 -0
-0.82545692001306 0.00104835614221105 -0.00667109607167516 -0.931321014894521 -0 -0
-0.825477025308734 0.00110752077741447 -0.00703929441947611 -0.931217149578305 -0 -0
-0.825498205050126 0.00116682585999923 -0.00740704977403999 -0.931107711138677 -0 -0
-0.825520457154271 0.00122627846768239 -0.00777433901755012 -0.930992706790421 -0 -0
-0.825543779433262 0.00128588562925718 -0.00814113906535795 -0.930872144109489 -0 -0
-0.825568169594546 0.00134565432223944 -0.00850742686760229 -0.930746031031662 -0 -0
-0.825620143872394 0.00146570394207563 -0.00923837371956715 -0.930477187219053 -0 -0
-0.825668301109179 0.00156966615658948 -0.00986597080960226 -0.930227962202116 -0 -0
-0.825719589677605 0.00167420296580068 -0.0104917271082627 -0.9299623986591 -0 -0
-0.825773994649746 0.00177934816540799 -0.0111155261168996 -0.929680548147703 -0 -0
-0.825831500199865 0.00188513494985492 -0.0117372517472387 -0.929382465287042 -0 -0
-0.825892089610647 0.00199159587874486 -0.0123567883450092 -0.929068207729566 -0 -0
-0.825955745279775 0.00209876284373239 -0.0129740207133605 -0.928737836131602 -0 -0
-0.826022448726848 0.00220666703591044 -0.0135888341360593 -0.928391414122545 -0 -0
-0.826092180600618 0.00231533891371265 -0.0142011144004548 -0.928029008272767 -0 -0
-0.82616492068657 0.00242480817134908 -0.0148107478202035 -0.927650688060267 -0 -0
-0.826240647914812 0.00253510370779221 -0.0154176212577444 -0.927256525836129 -0 -0
-0.826319340368293 0.0026462535963291 -0.0160216221465156 -0.926846596788828 -0 -0
-0.826400975291328 0.00275828505469449 -0.0166226385129026 -0.926420978907438 -0 -0
-0.826485529098433 0.00287122441579835 -0.0172205589979117 -0.925979752943796 -0 -0
-0.826572977383463 0.00298509709906046 -0.0178152728785599 -0.925523002373673 -0 -0
-0.826663294929047 0.003099927582363 -0.0184066700889725 -0.925050813357012 -0 -0
-0.826756455716315 0.00321573937463138 -0.0189946412411833 -0.924563274697283 -0 -0
-0.82685243293491 0.00333255498905239 -0.0195790776456296 -0.924060477800017 -0 -0
-0.826951198993281 0.00345039591693674 -0.0201598713313345 -0.923542516630575 -0 -0
-0.827052725529254 0.0035692826022336 -0.0207369150657721 -0.923009487671207 -0 -0
-0.827156983420867 0.00368923441670148 -0.0213101023744097 -0.922461489877469 -0 -0
-0.827263942797468 0.00381026963574053 -0.0218793275599199 -0.921898624634046 -0 -0
-0.827373573051076 0.00393240541488911 -0.0224444857210601 -0.921320995710049 -0 -0
-0.827485842847988 0.00405565776698688 -0.0230054727712137 -0.920728709213845 -0 -0
-0.827600720140628 0.00418004154000531 -0.0235621854565883 -0.920121873547479 -0 -0
-0.827718172179647 0.00430557039554597 -0.0241145213740688 -0.919500599360745 -0 -0
-0.827838165526239 0.00443225678800524 -0.0246623789887202 -0.918864999504976 -0 -0
-0.827960666064698 0.00456011194440398 -0.0252056576509393 -0.918215188986602 -0 -0
-0.828085639015189 0.00468914584487896 -0.0257442576132504 -0.917551284920545 -0 -0
-0.828213048946734 0.00481936720383271 -0.026278080046745 -0.916873406483509 -0 -0
-0.828342859790408 0.00495078345173705 -0.0268070270571628 -0.916181674867217 -0 -0
-0.828475034852737 0.00508340071758526 -0.0273310017006122 -0.915476213231668 -0 -0
-0.82860953682929 0.0052172238119865 -0.0278499079989303 -0.914757146658458 -0 -0
-0.828746327818465 0.00535225621089653 -0.0283636509546816 -0.914024602104238 -0 -0
-0.828885369335459 0.0054885000399764 -0.0288721365657949 -0.91327870835435 -0 -0
-0.829026622326412 0.00562595605957247 -0.0293752718398385 -0.912519595976711 -0 -0
-0.829170047182731 0.00576462365030822 -0.029872964807935 -0.911747397275996 -0 -0
-0.829315603755573 0.00590450079928 -0.0303651245383159 -0.910962246248175 -0 -0
-0.829463251370497 0.00604558408684686 -0.0308516611495177 -0.910164278535458 -0 -0
-0.829612948842265 0.00618786867400536 -0.0313324858232209 -0.909353631381695 -0 -0
-0.829764654489794 0.00633134829033929 -0.0318075108167346 -0.908530443588308 -0 -0
-0.829918326151258 0.0064760152225345 -0.0322766494751273 -0.907694855470762 -0 -0
-0.83007392119932 0.00662186030344858 -0.0327398162430093 -0.906847008815676 -0 -0
-0.830231396556506 0.00676887290172516 -0.0331969266759672 -0.905987046838581 -0 -0
-0.830390708710697 0.00691704091194286 -0.033647897451655 -0.905115114142394 -0 -0
-0.830551813730758 0.00706635074528836 -0.0340926463805456 -0.904231356676655 -0 -0
-0.83071466728227 0.00721678732074373 -0.0345310924163462 -0.903335921697562 -0 -0
-0.830879224643385 0.00736833405677826 -0.0349631556660818 -0.902428957728854 -0 -0
-0.831213270065738 0.00767468413550215 -0.0358078200602653 -0.900581043026834 -0 -0
-0.831553585083413 0.00798523803410962 -0.0366260238483884 -0.898688824682365 -0 -0
-0.831899799614803 0.00829980834669905 -0.037417170360191 -0.896753532741781 -0 -0
-0.83225153893532 0.00861818302639086 -0.038180682237118 -0.894776414107406 -0 -0
-0.832608424206729 0.0089401252314636 -0.0389160016807582 -0.892758731530496 -0 -0
-0.832970073011033 0.00926537319931781 -0.0396225906832864 -0.890701762679823 -0 -0
-0.833336099888355 0.00959364014774723 -0.0402999312407889 -0.888606799289731 -0 -0
-0.833706116878303 0.00992461420322102 -0.0409475255504011 -0.886475146391062 -0 -0
-0.834079734064309 0.0102579583561516 -0.04156489619223 -0.884308121628039 -0 -0
-0.834456560120429 0.0105933104434072 -0.0421515862970764 -0.882107054663809 -0 -0
-0.834836202860125 0.010930283158643 -0.0427071597010078 -0.879873286676955 -0 -0
-0.835218269786519 0.0112684640913664 -0.0432312010878624 -0.877608169950969 -0 -0
-0.835602368643661 0.0116074157960063 -0.0437233161207957 -0.875313067558269 -0 -0
-0.835988107968276 0.0119466758926438 -0.0441831315639999 -0.87298935313997 -0 -0
-0.836375097641528 0.0122857572014537 -0.0446102953957472 -0.870638410782271 -0 -0
-0.836762949440258 0.0126241479133289 -0.0450044769139215 -0.868261634989902 -0 -0
-0.837151277587168 0.0129613117995828 -0.0453653668352122 -0.865860430756684 -0 -0
-0.837539699299411 0.0132966884640709 -0.045692677389147 -0.863436213732873 -0 -0
-0.837927835334973 0.0136296936415209 -0.0459861424081452 -0.860990410488504 -0 -0
-0.838315310536251 0.0139597195463178 -0.0462455174147625 -0.858524458871525 -0 -0
-0.838701754370159 0.0142861352764484 -0.046470579707294 -0.856039808459052 -0 -0
-0.839086801464052 0.0146082872777695 -0.0466611284448834 -0.85353792109957 -0 -0
-0.839470092136723 0.0149254998742132 -0.0468169847332679 -0.851020271543396 -0 -0
-0.839851272923658 0.0152370758699902 -0.0469379917122635 -0.848488348158165 -0 -0
-0.840229997095667 0.0155422972302716 -0.047024014646058 -0.845943653725501 -0 -0
-0.84060592516996 0.0158404258472439 -0.0470749410173483 -0.843387706314401 -0 -0
-0.840978725412644 0.0161307043987986 -0.0470906806263036 -0.840822040226181 -0 -0
-0.841348074331561 0.01641235730747 -0.04707116569529 -0.838248207005097 -0 -0
-0.841713657158277 0.0166845918075224 -0.0470163509802265 -0.835667776507971 -0 -0
-0.842075168317973 0.0169465991283373 -0.0469262138893727 -0.833082338025313 -0 -0
-0.842432311885886 0.0171975558024293 -0.0468007546102697 -0.830493501445528 -0 -0
-0.84278480202885 0.0174366251065245 -0.0466399962454641 -0.827902898452844 -0 -0
-0.843132363430407 0.0176629586441544 -0.0464439849575485 -0.825312183748579 -0 -0
-0.843474731697857 0.017875698078137 -0.0462127901239336 -0.822723036284299 -0 -0
-0.843811653749511 0.0180739770211205 -0.0459465045016505 -0.820137160494284 -0 -0
-0.844142888180331 0.0182569230920465 -0.0456452444023396 -0.817556287513561 -0 -0
-0.844468205604053 0.0184236601459159 -0.0453091498774363 -0.814982176366522 -0 -0
-0.844787388969777 0.0185733106836248 -0.0449383849133973 -0.812416615109919 -0 -0
-0.845100233850969 0.0187049984478298 -0.0445331376366376 -0.809861421912743 -0 -0
-0.845406548704712 0.018817851209819 -0.044093620527652 -0.807318446054221 -0 -0
-0.845706155099007 0.0189110037511632 -0.0436200706435912 -0.804789568819888 -0 -0
-0.845998887905859 0.0189836010425146 -0.0431127498483413 -0.802276704274467 -0 -0
-0.846284595457881 0.0190348016202654 -0.0425719450489195 -0.799781799889103 -0 -0
-0.846563139666091 0.0190637811598955 -0.0419979684367521 -0.797306836999391 -0 -0
-0.846834396096634 0.019069736242696 -0.0413911577321383 -0.79485383106966 -0 -0
-0.847098254004153 0.019051888310157 -0.0407518764299322 -0.79242483173815 -0 -0
-0.847354616319618 0.0190094877976639 -0.0400805140441943 -0.790021922617041 -0 -0
-0.847603399590492 0.0189418184362405 -0.0393774863492746 -0.7876472208209 -0 -0
-0.847844533871257 0.0188482017079399 -0.0386432356144942 -0.785302876196945 -0 -0
-0.848077962562448 0.0187280014371258 -0.0378782308293003 -0.782991070230689 -0 -0
-0.848303642196565 0.0185806284963246 -0.0370829679154739 -0.780714014601065 -0 -0
-0.848521542169472 0.0184055456016169 -0.0362579699226822 -0.778473949360054 -0 -0
-0.848731644416122 0.0182022721686936 -0.0354037872033936 -0.776273140713224 -0 -0
-0.848933943029838 0.0179703891968043 -0.0345209975629098 -0.774113878379489 -0 -0
-0.849128443824678 0.0177095441439097 -0.033610206380034 -0.771998472510778 -0 -0
-0.84931516384087 0.0174194557525202 -0.0326720466936804 -0.769929250155314 -0 -0
-0.849494130793714 0.0170999187819983 -0.0317071792505552 -0.767908551251733 -0 -0
-0.849665382466871 0.016750808599667 -0.0307162925089001 -0.765938724145455 -0 -0
-0.849828966051473 0.0163720855799344 -0.0297001025932044 -0.764022120623477 -0 -0
-0.849984937433047 0.0159637992579888 -0.0286593531947521 -0.762161090469084 -0 -0
-0.850133360428859 0.0155260921824764 -0.0275948154129001 -0.760357975543899 -0 -0
-0.850274305978878 0.015059203410119 -0.0265072875320707 -0.758615103411082 -0 -0
-0.8504078512942 0.0145634715845112 -0.0253975947296111 -0.756934780520326 -0 -0
-0.850534078967406 0.014039337541506 -0.024266588709909 -0.755319284982521 -0 -0
-0.850653076049961 0.0134873463847024 -0.0231151472604762 -0.753770858969369 -0 -0
-0.85076493310237 0.0129081489767111 -0.0219441737261143 -0.752291700780819 -0 -0
-0.85086974322341 0.0123025027951051 -0.0207545963977663 -0.750883956630706 -0 -0
-0.850967601065288 0.0116712721063607 -0.0195473678132232 -0.749549712208352 -0 -0
-0.851058601842092 0.0110154274166089 -0.0183234639675077 -0.74829098408085 -0 -0
-0.851142840339322 0.0103360441646936 -0.0170838834314791 -0.747109711007247 -0 -0
-0.851220409932643 0.00963430063077557 -0.0158296463779982 -0.746007745241537 -0 -0
-0.851291401624283 0.00891147504248394 -0.014561793515843 -0.744986843906228 -0 -0
-0.851355903105649 0.00816894187026291 -0.0132813849324667 -0.744048660521988 -0 -0
-0.851413997854793 0.00740816731395701 -0.0119894988476303 -0.74319473678138 -0 -0
-0.851465764277314 0.00663070399363277 -0.0106872302808987 -0.742426494655842 -0 -0
-0.851511274899088 0.0058381848689519 -0.00937568963695894 -0.7417452289247 -0 -0
-0.851550595618904 0.00503231642284362 -0.00805600121367036 -0.741152100213082 -0 -0
-0.851583785028684 0.00421487115654147 -0.00672930163868942 -0.740648128622089 -0 -0
-0.851610893808363 0.00338767945397646 -0.00539673824138781 -0.740234188029428 -0 -0
-0.851631964201876 0.00255262088380125 -0.00405946736760392 -0.739911001132041 -0 -0
-0.851647029579896 0.00171161501670653 -0.00271865264550367 -0.739679135294101 -0 -0
-0.851655474288027 0.000951235995298681 -0.00150985561172393 -0.739548876687159 -0 -0
-0.851659085672508 0.000189055005105335 -0.00029998994220371 -0.739493107799073 -0 -0
-0.851657868479973 -0.000573484324267512 0.000910088081841933 -0.739511908595946 -0 -0
-0.851651821109314 -0.00133493686683056 0.00211952191016311 -0.739605252112167 -0 -0
-0.85164224224479 -0.00201812411481724 0.00320675426957407 -0.739752886940145 -0 -0
-0.851628734459491 -0.00269822095222875 0.00429214910761324 -0.739960623302652 -0 -0
-0.851611283579833 -0.00337419468409769 0.00537508574932545 -0.740228221115349 -0 -0
-0.85158987148437 -0.0040450264458628 0.00645494602543497 -0.740555372207576 -0 -0
-0.851564476227012 -0.00470971453673058 0.00753111489019499 -0.740941701495763 -0 -0
-0.851535072186131 -0.00536727764064428 0.00860298102797682 -0.741386768400006 -0 -0
-0.851501630238495 -0.00601675791498762 0.0096699374465414 -0.741890068491716 -0 -0
-0.851464117956781 -0.00665722392862945 0.0107313820550508 -0.742451035358423 -0 -0
-0.851422499829288 -0.0072877734325852 0.0117867182250074 -0.743069042670224 -0 -0
-0.851376737500322 -0.00790753594838523 0.0128353553324529 -0.743743406430958 -0 -0
-0.851326790029608 -0.00851567516118542 0.013876709279912 -0.744473387395983 -0 -0
-0.851272614168978 -0.00911139110668807 0.014910202996733 -0.745258193637549 -0 -0
-0.851214164654512 -0.00969392214303339 0.0159352669166446 -0.746096983237984 -0 -0
-0.851151394512228 -0.0102625467009494 0.0169513394315284 -0.746988867090534 -0 -0
-0.851084255375385 -0.0108165848075588 0.0179578673205817 -0.747932911787399 -0 -0
-0.851012697811424 -0.0113553993813391 0.0189543061542262 -0.748928142574587 -0 -0
-0.850936671656576 -0.0118783972977499 0.0199401206722981 -0.749973546353398 -0 -0
-0.850856126356156 -0.0123850302269909 0.0209147851362242 -0.751068074708822 -0 -0
-0.850771011308613 -0.0128747952471856 0.021877783655066 -0.752210646945739 -0 -0
-0.850681276211418 -0.0133472352379964 0.0228286104854691 -0.753400153114645 -0 -0
-0.850586871406949 -0.013801939061243 0.023766770305716 -0.754635457009553 -0 -0
-0.850487748226596 -0.0142385415365063 0.0246917784642216 -0.755915399121835 -0 -0
-0.850383859331371 -0.0146567232209511 0.0256031612029492 -0.757238799534945 -0 -0
-0.850275159047426 -0.0150562100036737 0.0265004558563463 -0.758604460746232 -0 -0
-0.850161603694965 -0.0154367725257883 0.0273832110265133 -0.760011170403434 -0 -0
-0.850043151909128 -0.0157982254381992 0.028250986735416 -0.761457703944773 -0 -0
-0.849919764951574 -0.0161404265095632 0.0291033545550439 -0.762942827133017 -0 -0
-0.849791407011554 -0.0164632755973524 0.029939897716486 -0.764465298475254 -0 -0
-0.849658045495429 -0.0167667134951615 0.0307602111989639 -0.766023871521523 -0 -0
-0.849519651303672 -0.0170507206695057 0.0315639017999061 -0.767617297036798 -0 -0
-0.849376199094534 -0.0173153158993033 0.0323505881871926 -0.769244325042134 -0 -0
-0.84922766753365 -0.0175605548310803 0.0331199009347187 -0.770903706722034 -0 -0
-0.849074039528992 -0.0177865284626427 0.03387148254245 -0.772594196196283 -0 -0
-0.848915302450675 -0.0179933615675925 0.0346049874421419 -0.774314552155595 -0 -0
-0.848751448335242 -0.0181812110725899 0.0353200819898968 -0.77606353936147 -0 -0
-0.848582474074133 -0.0183502643987303 0.0360164444467192 -0.777839930011557 -0 -0
-0.848408381586168 -0.0185007377778043 0.0366937649482104 -0.779642504972712 -0 -0
-0.84822917797394 -0.0186328745535604 0.0373517454645184 -0.781470054884672 -0 -0
-0.848044875664109 -0.018746943477411 0.0379900997516247 -0.783321381137949 -0 -0
-0.847855492531672 -0.0188432370073132 0.0386085532950152 -0.785195296730131 -0 -0
-0.847661052008343 -0.018922069617835 0.039206843246737 -0.787090627005253 -0 -0
-0.847461583175238 -0.0189837761286894 0.0397847183567995 -0.789006210281353 -0 -0
-0.847257120840155 -0.0190287100582987 0.0403419388998279 -0.790940898371617 -0 -0
-0.847047705599726 -0.0190572420082332 0.0408782765978272 -0.792893557004807 -0 -0
-0.84683338388683 -0.0190697580836784 0.04139351453986 -0.794863066150848 -0 -0
-0.846614208003654 -0.0190666583544059 0.0418874470993906 -0.796848320257584 -0 -0
-0.846390236140827 -0.0190483553600801 0.0423598798499891 -0.798848228404762 -0 -0
-0.846161532383099 -0.0190152726631176 0.042810629480038 -0.800861714381347 -0 -0
-0.845928166702042 -0.0189678434517301 0.0432395237070277 -0.802887716692235 -0 -0
-0.845690214936265 -0.0189065091952411 0.0436464011919729 -0.804925188500338 -0 -0
-0.845447758759667 -0.0188317183532532 0.0440311114544308 -0.806973097509942 -0 -0
-0.84520088563824 -0.0187439251397753 0.0443935147885499 -0.809030425797079 -0 -0
-0.844949688775953 -0.0186435883429832 0.044733482180527 -0.811096169592506 -0 -0
-0.844694267050237 -0.0185311702008987 0.0450508952278031 -0.81316933902268 -0 -0
-0.844434724937601 -0.0184071353329083 0.0453456460602828 -0.815248957813935 -0 -0
-0.844171172429901 -0.0182719497267324 0.0456176372638166 -0.81733406296485 -0 -0
-0.843903724941764 -0.0181260797801618 0.0458667818061424 -0.819423704391553 -0 -0
-0.843632503209678 -0.0179699913966393 0.0460930029654448 -0.821516944550506 -0 -0
-0.843357633183244 -0.0178041491335373 0.0462962342616507 -0.823612858043044 -0 -0
-0.84307924590905 -0.0176290154018039 0.0464764193905443 -0.825710531205731 -0 -0
-0.842797477407658 -0.0174450497154865 0.0466335121607521 -0.827809061690362 -0 -0
-0.842512468544121 -0.0172527079895174 0.0467674764336148 -0.829907558037161 -0 -0
-0.842224364892493 -0.0170524418840352 0.0468782860659369 -0.832005139244571 -0 -0
-0.841933316594724 -0.0168446981934391 0.0469659248555732 -0.834100934338729 -0 -0
-0.841639478214357 -0.0166299182783083 0.0470303864897901 -0.836194081945557 -0 -0
-0.841343008585381 -0.0164085375382831 0.0470716744963138 -0.838283729868162 -0 -0
-0.841044070656642 -0.0161809849239736 0.0470898021969559 -0.840369034672047 -0 -0
-0.840742831332114 -0.0159476824859642 0.0470847926636891 -0.842449161280421 -0 -0
-0.840439461307393 -0.015709044958979 0.0470566786770236 -0.844523282581748 -0 -0
-0.840134134902699 -0.0154654793793034 0.0470055026865237 -0.846590579051455 -0 -0
-0.839827029892702 -0.015217384733579 0.046931316773283 -0.848650238389581 -0 -0
-0.839518327333427 -0.0149651516371382 0.0468341826141678 -0.850701455175966 -0 -0
-0.83920821138652 -0.0147091620400884 0.0467141714476241 -0.852743430544467 -0 -0
-0.83889686914111 -0.0144497889594186 0.0465713640408308 -0.854775371877483 -0 -0
-0.8385844904335 -0.0141873962354612 0.0464058506579764 -0.856796492522 -0 -0
-0.838271267664914 -0.0139223383111122 0.0462177310294225 -0.858806011528203 -0 -0
-0.837957395617494 -0.013654960032288 0.0460071143215148 -0.860803153411583 -0 -0
-0.837643071268756 -0.0133855964681726 0.0457741191067912 -0.86278714793937 -0 -0
-0.837328493604673 -0.0131145727498903 0.0455188733343352 -0.864757229941997 -0 -0
-0.837013863431564 -0.0128422039263205 0.045241514300014 -0.866712639150215 -0 -0
-0.836699383186959 -0.012568794835856 0.0449421886163406 -0.868652620058373 -0 -0
-0.836385256749576 -0.0122946399929903 0.0446210521816937 -0.870576421814268 -0 -0
-0.836071689248578 -0.0120200234887043 0.044278270148628 -0.872483298135934 -0 -0
-0.835758886872233 -0.0117452189037087 0.043914016891005 -0.874372507255584 -0 -0
-0.835447056676121 -0.0114704892336824 0.0435284759696767 -0.876243311890896 -0 -0
-0.835136406391005 -0.0111960868257298 0.0431218400964493 -0.878094979243729 -0 -0
-0.834827144230503 -0.0109222533253648 0.0426943110960611 -0.87992678102628 -0 -0
-0.834519478698667 -0.0106492196334064 0.0422460998659043 -0.881737993514624 -0 -0
-0.834213618397602 -0.0103772058722522 0.0417774263332266 -0.88352789762951 -0 -0
-0.833909771835217 -0.0101064213610719 0.0412885194095496 -0.8852957790442 -0 -0
-0.833608147233248 -0.00983706459953576 0.040779616942044 -0.887040928319089 -0 -0
-0.833308952335639 -0.00956932325976481 0.040250965661607 -0.888762641062754 -0 -0
-0.833012394217411 -0.00930337418625874 0.0397028211273907 -0.890460218119028 -0 -0
-0.832718679094127 -0.0090393834036206 0.0391354476675368 -0.892132965779614 -0 -0
-0.83242801213206 -0.00877750613196055 0.038549118315878 -0.893780196021693 -0 -0
-0.832140597259182 -0.00851788680991753 0.0379441147443746 -0.895401226769912 -0 -0
-0.831856636977097 -0.00826065912529347 0.0373207271910605 -0.896995382182064 -0 -0
-0.831576332174023 -0.0080059460533429 0.0366792543832824 -0.898561992957712 -0 -0
-0.831299881938961 -0.00775385990280909 0.0360200034560237 -0.900100396668938 -0 -0
-0.831027483377159 -0.00750450236983749 0.0353432898651154 -0.901609938112326 -0 -0
-0.830759331427011 -0.00725796459993654 0.0346494372951448 -0.903089969681229 -0 -0
-0.830495618678518 -0.00701432725818705 0.0339387775618846 -0.904539851757305 -0 -0
-0.830236535193442 -0.00677366060793113 0.033211650509077 -0.905958953120226 -0 -0
-0.829982268327306 -0.00653602459819347 0.0324684038994183 -0.907346651374414 -0 -0
-0.829733002553363 -0.00630146896010775 0.0317093932996036 -0.908702333391598 -0 -0
-0.829488919288696 -0.00607003331263366 0.0309349819593032 -0.910025395767904 -0 -0
-0.8292501967226 -0.00584174727785932 0.0301455406839586 -0.911315245294146 -0 -0
-0.829017009647388 -0.00561663060618697 0.0293414477012988 -0.91257129943793 -0 -0
-0.828789529291796 -0.00539469331170009 0.0285230885214932 -0.913792986836117 -0 -0
-0.828567923157142 -0.00517593581800138 0.0276908557908746 -0.91497974779614 -0 -0
-0.828352354856396 -0.00496034911480377 0.026845149139181 -0.916131034804635 -0 -0
-0.828142983956351 -0.00474791492553691 0.0259863750202818 -0.917246313041778 -0 -0
-0.827939965823046 -0.0045386058862146 0.0251149465463718 -0.918325060899702 -0 -0
-0.827743451470621 -0.00433238573578143 0.0242312833156347 -0.91936677050332 -0 -0
-0.827553587413793 -0.00412920951812912 0.023335811233394 -0.920370948231839 -0 -0
-0.827370515524107 -0.00392902379593927 0.0224289623267896 -0.92133711523926 -0 -0
-0.827194372890157 -0.00373176687647146 0.0215111745530362 -0.922264807972083 -0 -0
-0.827025291681948 -0.00353736904937711 0.0205828916013378 -0.923153578682492 -0 -0
-0.826863399019588 -0.00334575283657229 0.0196445626885531 -0.924002995935216 -0 -0
-0.826708816846463 -0.00315683325415923 0.0186966423487227 -0.924812645106317 -0 -0
-0.826561661807103 -0.00297051808633454 0.017739590216592 -0.92558212887215 -0 -0
-0.826422045129882 -0.00278670817117174 0.0167738708052777 -0.926311067686725 -0 -0
-0.826290072514746 -0.00260529769811235 0.0157999532782484 -0.926999100245767 -0 -0
-0.826165844026123 -0.00242617451694526 0.0148183112158055 -0.927645883935777 -0 -0
-0.826049453991179 -0.00224922045799853 0.0138294223762691 -0.928251095266427 -0 -0
-0.825940990903584 -0.00207431166321323 0.0128337684520919 -0.928814430284701 -0 -0
-0.825840537332931 -0.00190131892771185 0.0118318348211399 -0.929335604969199 -0 -0
-0.825748169839964 -0.00173010805142094 0.0108241102933947 -0.929814355603135 -0 -0
-0.825663958897739 -0.00156054020025236 0.00981108685335015 -0.930250439124598 -0 -0
-0.82558796881887 -0.00139247227629655 0.00879325939838657 -0.930643633452712 -0 -0
-0.825520257688952 -0.00122575729643111 0.00777112547342445 -0.93099373778846 -0 -0
-0.825460877306311 -0.00106024477870021 0.00674518500216894 -0.931300572888976 -0 -0
-0.825409873128151 -0.000895781135776846 0.00571594001527025 -0.931563981314241 -0 -0
-0.82536728422321 -0.000732210074778339 0.00468389437573522 -0.931783827645208 -0 -0
-0.825333143231009 -0.000569373002668519 0.00364955350193551 -0.931959998672494 -0 -0
-0.825307476327755 -0.00040710943644798 0.00261342408856615 -0.932092403554885 -0 -0
-0.825290303198964 -0.000245257417303795 0.00157601382591568 -0.93218097394703 -0 -0
-0.825281637018861 -8.36539278680029e-05 0.000537831117815287 -0.932225664095803 -0 -0
-0.825280495028819 4.17422320752246e-07 -2.68388312425576e-06 -0.932231552878429 -0 -0
