500 6
  -8.4087976309910362e-01  -1.6318301183601676e-02   4.8474472062198445e-02  -8.4339713918299652e-01   0.0000000000000000e+00   0.0000000000000000e+00   2.5857518637340263e-16
  -8.4070349749084894e-01  -1.6176242531347938e-02   4.8456937023966425e-02  -8.4459620348928988e-01   0.0000000000000000e+00   0.0000000000000000e+00   4.1759943467245605e-16
  -8.4052656686494587e-01  -1.6032610058249241e-02   4.8431881915275608e-02  -8.4579304353513673e-01   0.0000000000000000e+00   0.0000000000000000e+00   9.2877578823823206e-16
  -8.4034900393393430e-01  -1.5887478778804351e-02   4.8399315758902758e-02  -8.4698751210058032e-01   0.0000000000000000e+00   0.0000000000000000e+00   1.4174848754690246e-15
  -8.4017084176624246e-01  -1.5740922807833180e-02   4.8359248561030410e-02  -8.4817946267835354e-01   0.0000000000000000e+00   0.0000000000000000e+00   1.8085441902932196e-15
  -8.3999211377584282e-01  -1.5593015343292889e-02   4.8311691309327179e-02  -8.4936874945212204e-01   0.0000000000000000e+00   0.0000000000000000e+00   2.0981399966115105e-15
  -8.3981285371182635e-01  -1.5443828650004113e-02   4.8256655971087296e-02  -8.5055522727542066e-01   0.0000000000000000e+00   0.0000000000000000e+00   2.4893959817425998e-15
  -8.3963309564790067e-01  -1.5293434044253346e-02   4.8194155491426402e-02  -8.5173875165130819e-01   0.0000000000000000e+00   0.0000000000000000e+00   2.7174388965422992e-15
  -8.3945287397181600e-01  -1.5141901879237300e-02   4.8124203791529589e-02  -8.5291917871276124e-01   0.0000000000000000e+00   0.0000000000000000e+00   2.8831742544197012e-15
  -8.3927222337472263e-01  -1.4989301531315849e-02   4.8046815766945521e-02  -8.5409636520383081e-01   0.0000000000000000e+00   0.0000000000000000e+00   2.8720380012086812e-15
  -8.3909117884046491e-01  -1.4835701387041531e-02   4.7962007285923876e-02  -8.5527016846157733e-01   0.0000000000000000e+00   0.0000000000000000e+00   2.9125041074615051e-15
  -8.3890977563481561e-01  -1.4681168830934198e-02   4.7869795187790998e-02  -8.5644044639880812e-01   0.0000000000000000e+00   0.0000000000000000e+00   2.9771272026434532e-15
  -8.3872804929465383e-01  -1.4525770233969677e-02   4.7770197281357528e-02  -8.5760705748762889e-01   0.0000000000000000e+00   0.0000000000000000e+00   2.6946564367802502e-15
  -8.3854603561709018e-01  -1.4369570942753471e-02   4.7663232343355490e-02  -8.5876986074382811e-01   0.0000000000000000e+00   0.0000000000000000e+00   2.9043078241326262e-15
  -8.3836377064854339e-01  -1.4212635269350370e-02   4.7548920116898666e-02  -8.5992871571210872e-01   0.0000000000000000e+00   0.0000000000000000e+00   3.4157663476760203e-15
  -8.3818129067377145e-01  -1.4055026481741950e-02   4.7427281309960836e-02  -8.6108348245218069e-01   0.0000000000000000e+00   0.0000000000000000e+00   3.5392243853957608e-15
  -8.3799863220486048e-01  -1.3896806794885683e-02   4.7298337593868672e-02  -8.6223402152572670e-01   0.0000000000000000e+00   0.0000000000000000e+00   4.0625324939041394e-15
  -8.3781583197017395e-01  -1.3738037362349090e-02   4.7162111601802330e-02  -8.6338019398425137e-01   0.0000000000000000e+00   0.0000000000000000e+00   4.7077681587015585e-15
  -8.3763292690326652e-01  -1.3578778268494386e-02   4.7018626927299752e-02  -8.6452186135782683e-01   0.0000000000000000e+00   0.0000000000000000e+00   5.9801842565662180e-15
  -8.3744995413176415e-01  -1.3419088521189483e-02   4.6867908122759615e-02  -8.6565888564474192e-01   0.0000000000000000e+00   0.0000000000000000e+00   7.7431503506858920e-15
  -8.3726695096621506e-01  -1.3259026045022403e-02   4.6709980697937088e-02  -8.6679112930206481e-01   0.0000000000000000e+00   0.0000000000000000e+00   9.1579812117613634e-15
  -8.3708395488891130e-01  -1.3098647674996987e-02   4.6544871118427825e-02  -8.6791845523712496e-01   0.0000000000000000e+00   0.0000000000000000e+00   1.0022542935038462e-14
  -8.3690100354268737e-01  -1.2938009150688851e-02   4.6372606804134985e-02  -8.6904072679992350e-01   0.0000000000000000e+00   0.0000000000000000e+00   1.0346674164320832e-14
  -8.3671813471969492e-01  -1.2777165110841607e-02   4.6193216127713412e-02  -8.7015780777647367e-01   0.0000000000000000e+00   0.0000000000000000e+00   1.3632229793316002e-14
  -8.3653538635015889e-01  -1.2616169088384012e-02   4.6006728412986427e-02  -8.7126956238308195e-01   0.0000000000000000e+00   0.0000000000000000e+00   1.6671716497086570e-14
  -8.3635279649111560e-01  -1.2455073505850296e-02   4.5813173933330391e-02  -8.7237585526156836e-01   0.0000000000000000e+00   0.0000000000000000e+00   1.9180211024066512e-14
  -8.3617040331513570e-01  -1.2293929671185928e-02   4.5612583910020002e-02  -8.7347655147543135e-01   0.0000000000000000e+00   0.0000000000000000e+00   2.0862557209668200e-14
  -8.3598824509903480e-01  -1.2132787773923036e-02   4.5404990510531047e-02  -8.7457151650696097e-01   0.0000000000000000e+00   0.0000000000000000e+00   2.2318404432617663e-14
  -8.3580636021257315e-01  -1.1971696881710132e-02   4.5190426846794716e-02  -8.7566061625529912e-01   0.0000000000000000e+00   0.0000000000000000e+00   2.5683648544832108e-14
  -8.3562478710714716e-01  -1.1810704937181477e-02   4.4968926973397133e-02  -8.7674371703544940e-01   0.0000000000000000e+00   0.0000000000000000e+00   2.8091777388642409e-14
  -8.3544356430447497e-01  -1.1649858755153272e-02   4.4740525885721222e-02  -8.7782068557823645e-01   0.0000000000000000e+00   0.0000000000000000e+00   3.0582723226936302e-14
  -8.3526273038527721e-01  -1.1489204020133266e-02   4.4505259518022929e-02  -8.7889138903121466e-01   0.0000000000000000e+00   0.0000000000000000e+00   3.2455871680723183e-14
  -8.3508232397795634e-01  -1.1328785284133204e-02   4.4263164741438515e-02  -8.7995569496052117e-01   0.0000000000000000e+00   0.0000000000000000e+00   3.7959992054914695e-14
  -8.3490238374727532e-01  -1.1168645964772711e-02   4.4014279361917749e-02  -8.8101347135367636e-01   0.0000000000000000e+00   0.0000000000000000e+00   4.3544632262751451e-14
  -8.3472294838303918e-01  -1.1008828343664866e-02   4.3758642118076028e-02  -8.8206458662332521e-01   0.0000000000000000e+00   0.0000000000000000e+00   4.7681617858668643e-14
  -8.3454405658877928e-01  -1.0849373565074837e-02   4.3496292678962906e-02  -8.8310890961191635e-01   0.0000000000000000e+00   0.0000000000000000e+00   4.9890106634508476e-14
  -8.3436574707044397e-01  -1.0690321634843007e-02   4.3227271641739506e-02  -8.8414630959731588e-01   0.0000000000000000e+00   0.0000000000000000e+00   4.9729603767594921e-14
  -8.3418805852509759e-01  -1.0531711419565541e-02   4.2951620529261193e-02  -8.8517665629934783e-01   0.0000000000000000e+00   0.0000000000000000e+00   5.4554311841938892e-14
  -8.3401102962962803e-01  -1.0373580646025927e-02   4.2669381787560662e-02  -8.8619981988726060e-01   0.0000000000000000e+00   0.0000000000000000e+00   6.5686558405080249e-14
  -8.3383469902946694e-01  -1.0215965900871510e-02   4.2380598783224824e-02  -8.8721567098810705e-01   0.0000000000000000e+00   0.0000000000000000e+00   7.5389549205738174e-14
  -8.3365910532732279e-01  -1.0058902630530490e-02   4.2085315800662625e-02  -8.8822408069603398e-01   0.0000000000000000e+00   0.0000000000000000e+00   8.2964582641318347e-14
  -8.3348428707192956e-01  -9.9024251413649123e-03   4.1783578039257863e-02  -8.8922492058247482e-01   0.0000000000000000e+00   0.0000000000000000e+00   8.7733814153623849e-14
  -8.3331028274681329e-01  -9.7465666000561696e-03   4.1475431610401542e-02  -8.9021806270723203e-01   0.0000000000000000e+00   0.0000000000000000e+00   8.9752957580618098e-14
  -8.3313713075907714e-01  -9.5913590342206548e-03   4.1160923534400595e-02  -8.9120337963044394e-01   0.0000000000000000e+00   0.0000000000000000e+00   1.0131478804920372e-13
  -8.3296486942820813e-01  -9.4368333332530280e-03   4.0840101737257432e-02  -8.9218074442542628e-01   0.0000000000000000e+00   0.0000000000000000e+00   1.1005513140055218e-13
  -8.3279353697490754e-01  -9.2830192493961322e-03   4.0513015047314895e-02  -8.9315003069237242e-01   0.0000000000000000e+00   0.0000000000000000e+00   1.1521175879347277e-13
  -8.3262317150994536e-01  -9.1299453990364328e-03   4.0179713191763632e-02  -8.9411111257290887e-01   0.0000000000000000e+00   0.0000000000000000e+00   1.2128798823577143e-13
  -8.3245381102304306e-01  -8.9776392642254114e-03   3.9840246793006573e-02  -8.9506386476548538e-01   0.0000000000000000e+00   0.0000000000000000e+00   1.2491206801901544e-13
  -8.3228549337178503e-01  -8.8261271944268214e-03   3.9494667364875814e-02  -8.9600816254159377e-01   0.0000000000000000e+00   0.0000000000000000e+00   1.4200917470781808e-13
  -8.3211825627056135e-01  -8.6754344084911811e-03   3.9143027308698293e-02  -8.9694388176279782e-01   0.0000000000000000e+00   0.0000000000000000e+00   1.5820911516761262e-13
  -8.3195213727954442e-01  -8.5255849968590841e-03   3.8785379909205546e-02  -8.9787089889856220e-01   0.0000000000000000e+00   0.0000000000000000e+00   1.7022200176042881e-13
  -8.3178717379369993e-01  -8.3766019239954956e-03   3.8421779330283963e-02  -8.9878909104486215e-01   0.0000000000000000e+00   0.0000000000000000e+00   1.7712452724525171e-13
  -8.3162340303183713e-01  -8.2285070310573263e-03   3.8052280610560069e-02  -8.9969833594356263e-01   0.0000000000000000e+00   0.0000000000000000e+00   1.7812805149016116e-13
  -8.3146086202569713e-01  -8.0813210387979117e-03   3.7676939658819367e-02  -9.0059851200254704e-01   0.0000000000000000e+00   0.0000000000000000e+00   1.7262262034118275e-13
  -8.3129958760908529e-01  -7.9350635507114305e-03   3.7295813249252290e-02  -9.0148949831658054e-01   0.0000000000000000e+00   0.0000000000000000e+00   1.8530622744487542e-13
  -8.3113961640704559e-01  -7.7897530564214994e-03   3.6908959016525029e-02  -9.0237117468888706e-01   0.0000000000000000e+00   0.0000000000000000e+00   2.1350907849267488e-13
  -8.3098098482508420e-01  -7.6454069353182434e-03   3.6516435450672097e-02  -9.0324342165342597e-01   0.0000000000000000e+00   0.0000000000000000e+00   2.3717242806278841e-13
  -8.3082372903843993e-01  -7.5020414604483297e-03   3.6118301891804920e-02  -9.0410612049784445e-01   0.0000000000000000e+00   0.0000000000000000e+00   2.5505866152367218e-13
  -8.3066788498140764e-01  -7.3596718026631008e-03   3.5714618524635401e-02  -9.0495915328708887e-01   0.0000000000000000e+00   0.0000000000000000e+00   2.6607182185954907e-13
  -8.3051348833671435e-01  -7.2183120350303373e-03   3.5305446372810412e-02  -9.0580240288765257e-01   0.0000000000000000e+00   0.0000000000000000e+00   2.6931038759730844e-13
  -8.3036057452495304e-01  -7.0779751375147811e-03   3.4890847293053383e-02  -9.0663575299243926e-01   0.0000000000000000e+00   0.0000000000000000e+00   2.7528546241240149e-13
  -8.3020917869407385e-01  -6.9386730019334979e-03   3.4470883969111028e-02  -9.0745908814622056e-01   0.0000000000000000e+00   0.0000000000000000e+00   2.9716258753753978e-13
  -8.3005933570893820e-01  -6.8004164371921715e-03   3.4045619905501520e-02  -9.0827229377166252e-01   0.0000000000000000e+00   0.0000000000000000e+00   3.1142374042309481e-13
  -8.2991108014093651e-01  -6.6632151748083450e-03   3.3615119421062413e-02  -9.0907525619590102e-01   0.0000000000000000e+00   0.0000000000000000e+00   3.1711021407429199e-13
  -8.2976444625767243e-01  -6.5270778747279629e-03   3.3179447642294281e-02  -9.0986786267763919e-01   0.0000000000000000e+00   0.0000000000000000e+00   3.1814049540073052e-13
  -8.2961946801271735e-01  -6.3920121314418286e-03   3.2738670496499242e-02  -9.1065000143474206e-01   0.0000000000000000e+00   0.0000000000000000e+00   3.2012620032494783e-13
  -8.2947617903543702e-01  -6.2580244804084258e-03   3.2292854704710973e-02  -9.1142156167230537e-01   0.0000000000000000e+00   0.0000000000000000e+00   3.2013064873120767e-13
  -8.2933461262089325e-01  -6.1251204047895538e-03   3.1842067774414291e-02  -9.1218243361116857e-01   0.0000000000000000e+00   0.0000000000000000e+00   3.4818887472205965e-13
  -8.2919480171982396e-01  -5.9933043425057821e-03   3.1386377992053474e-02  -9.1293250851684904e-01   0.0000000000000000e+00   0.0000000000000000e+00   3.6740225417436284e-13
  -8.2905677892870422e-01  -5.8625796936177532e-03   3.0925854415324975e-02  -9.1367167872886756e-01   0.0000000000000000e+00   0.0000000000000000e+00   3.7678803097030383e-13
  -8.2892057647989181e-01  -5.7329488280406342e-03   3.0460566865256496e-02  -9.1439983769043720e-01   0.0000000000000000e+00   0.0000000000000000e+00   3.7568165598208185e-13
  -8.2878622623185838e-01  -5.6044130935974171e-03   2.9990585918067338e-02  -9.1511687997848845e-01   0.0000000000000000e+00   0.0000000000000000e+00   3.6377094519908539e-13
  -8.2865375965951293e-01  -5.4769728244181831e-03   2.9515982896811618e-02  -9.1582270133399934e-01   0.0000000000000000e+00   0.0000000000000000e+00   3.4111683081825918e-13
  -8.2852320784461597e-01  -5.3506273496909083e-03   2.9036829862800935e-02  -9.1651719869260373e-01   0.0000000000000000e+00   0.0000000000000000e+00   3.3520167031431853e-13
  -8.2839460146629307e-01  -5.2253750027707810e-03   2.8553199606808494e-02  -9.1720027021544293e-01   0.0000000000000000e+00   0.0000000000000000e+00   3.7247286025237500e-13
  -8.2826797079164449e-01  -5.1012131306528360e-03   2.8065165640050151e-02  -9.1787181532023532e-01   0.0000000000000000e+00   0.0000000000000000e+00   4.0025361895920541e-13
  -8.2814334566646108e-01  -4.9781381038145889e-03   2.7572802184945146e-02  -9.1853173471252891e-01   0.0000000000000000e+00   0.0000000000000000e+00   4.1754114757988936e-13
  -8.2802075550604326e-01  -4.8561453264335357e-03   2.7076184165654906e-02  -9.1917993041710533e-01   0.0000000000000000e+00   0.0000000000000000e+00   4.2368555139250125e-13
  -8.2790022928613149e-01  -4.7352292469848359e-03   2.6575387198399102e-02  -9.1981630580950546e-01   0.0000000000000000e+00   0.0000000000000000e+00   4.1841753723742301e-13
  -8.2778179553394760e-01  -4.6153833692239923e-03   2.6070487581550238e-02  -9.2044076564764221e-01   0.0000000000000000e+00   0.0000000000000000e+00   4.0186117806418247e-13
  -8.2766548231935377e-01  -4.4966002635590877e-03   2.5561562285506181e-02  -9.2105321610346869e-01   0.0000000000000000e+00   0.0000000000000000e+00   4.2233920856456716e-13
  -8.2755131724612918e-01  -4.3788715788166642e-03   2.5048688942341277e-02  -9.2165356479466654e-01   0.0000000000000000e+00   0.0000000000000000e+00   4.3389755656560717e-13
  -8.2743932744337079e-01  -4.2621880544051263e-03   2.4531945835237032e-02  -9.2224172081632416e-01   0.0000000000000000e+00   0.0000000000000000e+00   4.3404331013567479e-13
  -8.2732953955701893e-01  -4.1465395328788741e-03   2.4011411887692739e-02  -9.2281759477256797e-01   0.0000000000000000e+00   0.0000000000000000e+00   4.2287696250714784e-13
  -8.2722197974151346e-01  -4.0319149729060241e-03   2.3487166652516690e-02  -9.2338109880811658e-01   0.0000000000000000e+00   0.0000000000000000e+00   4.1349404384788075e-13
  -8.2711667365158159e-01  -3.9183024626426310e-03   2.2959290300601030e-02  -9.2393214663971657e-01   0.0000000000000000e+00   0.0000000000000000e+00   3.9745534541203097e-13
  -8.2701364643416353e-01  -3.8056892335146843e-03   2.2427863609478956e-02  -9.2447065358743641e-01   0.0000000000000000e+00   0.0000000000000000e+00   3.7963247099982926e-13
  -8.2691292272047634e-01  -3.6940616744100749e-03   2.1892967951668847e-02  -9.2499653660577297e-01   0.0000000000000000e+00   0.0000000000000000e+00   3.9239291681926516e-13
  -8.2681452661822175e-01  -3.5834053462808733e-03   2.1354685282804365e-02  -9.2550971431454432e-01   0.0000000000000000e+00   0.0000000000000000e+00   3.9416115673387301e-13
  -8.2671848170394036e-01  -3.4737049971569657e-03   2.0813098129555535e-02  -9.2601010702952924e-01   0.0000000000000000e+00   0.0000000000000000e+00   3.8520339695521699e-13
  -8.2662481101551577e-01  -3.3649445775701808e-03   2.0268289577339699e-02  -9.2649763679282438e-01   0.0000000000000000e+00   0.0000000000000000e+00   3.6615678925177849e-13
  -8.2653353704483168e-01  -3.2571072563891065e-03   1.9720343257828555e-02  -9.2697222740287732e-01   0.0000000000000000e+00   0.0000000000000000e+00   3.3799751357483190e-13
  -8.2644468173058616e-01  -3.1501754370624364e-03   1.9169343336250703e-02  -9.2743380444416923e-01   0.0000000000000000e+00   0.0000000000000000e+00   3.0199555067682557e-13
  -8.2635826645126575e-01  -3.0441307742696856e-03   1.8615374498494715e-02  -9.2788229531650690e-01   0.0000000000000000e+00   0.0000000000000000e+00   2.7628757738008381e-13
  -8.2627431201828216e-01  -2.9389541909762614e-03   1.8058521938014459e-02  -9.2831762926389461e-01   0.0000000000000000e+00   0.0000000000000000e+00   2.9198293089488139e-13
  -8.2619283866927717e-01  -2.8346258958902928e-03   1.7498871342541668e-02  -9.2873973740295046e-01   0.0000000000000000e+00   0.0000000000000000e+00   2.9822416030699303e-13
  -8.2611386606159543e-01  -2.7311254013170413e-03   1.6936508880606844e-02  -9.2914855275083219e-01   0.0000000000000000e+00   0.0000000000000000e+00   2.9536351991371607e-13
  -8.2603741326593150e-01  -2.6284315414068938e-03   1.6371521187874528e-02  -9.2954401025264421e-01   0.0000000000000000e+00   0.0000000000000000e+00   2.8407515035920734e-13
  -8.2596349876015296e-01  -2.5265224907919364e-03   1.5803995353296005e-02  -9.2992604680828972e-01   0.0000000000000000e+00   0.0000000000000000e+00   2.6531550502110900e-13
  -8.2589214042330206e-01  -2.4253757836051604e-03   1.5234018905081952e-02  -9.3029460129873576e-01   0.0000000000000000e+00   0.0000000000000000e+00   2.4027288073188241e-13
  -8.2582335552978059e-01  -2.3249683328767021e-03   1.4661679796502857e-02  -9.3064961461166318e-01   0.0000000000000000e+00   0.0000000000000000e+00   2.4159354971409006e-13
  -8.2575716074371941e-01  -2.2252764502995199e-03   1.4087066391517623e-02  -9.3099102966646852e-01   0.0000000000000000e+00   0.0000000000000000e+00   2.3548379861737755e-13
  -8.2569357211353622e-01  -2.1262758663576648e-03   1.3510267450238299e-02  -9.3131879143858542e-01   0.0000000000000000e+00   0.0000000000000000e+00   2.2272918083622030e-13
  -8.2563260506668490e-01  -2.0279417508085509e-03   1.2931372114233522e-02  -9.3163284698310012e-01   0.0000000000000000e+00   0.0000000000000000e+00   2.1291087904485019e-13
  -8.2557427440459796e-01  -1.9302487335107459e-03   1.2350469891677306e-02  -9.3193314545763062e-01   0.0000000000000000e+00   0.0000000000000000e+00   1.9761155649921983e-13
  -8.2551859429782593e-01  -1.8331709255878220e-03   1.1767650642346953e-02  -9.3221963814443998e-01   0.0000000000000000e+00   0.0000000000000000e+00   1.7777834011044227e-13
  -8.2546557828137634e-01  -1.7366819409183418e-03   1.1183004562476494e-02  -9.3249227847175875e-01   0.0000000000000000e+00   0.0000000000000000e+00   1.6341067195195457e-13
  -8.2541523925025306e-01  -1.6407549179414845e-03   1.0596622169470726e-02  -9.3275102203428717e-01   0.0000000000000000e+00   0.0000000000000000e+00   1.5645969407424217e-13
  -8.2536758945520139e-01  -1.5453625417670529e-03   1.0008594286485227e-02  -9.3299582661285729e-01   0.0000000000000000e+00   0.0000000000000000e+00   1.4478665944735470e-13
  -8.2532264049865833e-01  -1.4504770665784185e-03   9.4190120268789427e-03  -9.3322665219322232e-01   0.0000000000000000e+00   0.0000000000000000e+00   1.2944691762467963e-13
  -8.2528040333091257e-01  -1.3560703383159291e-03   8.8279667785443536e-03  -9.3344346098395736e-01   0.0000000000000000e+00   0.0000000000000000e+00   1.1156664380112752e-13
  -8.2524088824647435e-01  -1.2621138176282520e-03   8.2355501881221215e-03  -9.3364621743344522e-01   0.0000000000000000e+00   0.0000000000000000e+00   9.2283762174264376e-14
  -8.2520410488065932e-01  -1.1685786030782748e-03   7.6418541451058275e-03  -9.3383488824592464e-01   0.0000000000000000e+00   0.0000000000000000e+00   7.2690921011788657e-14
  -8.2517006220638622e-01  -1.0754354545898775e-03   7.0469707658435410e-03  -9.3400944239658490e-01   0.0000000000000000e+00   0.0000000000000000e+00   6.8059826832103151e-14
  -8.2513876853119250e-01  -9.8265481712141080e-04   6.4509923774425902e-03  -9.3416985114568429e-01   0.0000000000000000e+00   0.0000000000000000e+00   6.2467668474107021e-14
  -8.2511023149446672e-01  -8.9020684455120257e-04   5.8540115015838709e-03  -9.3431608805167410e-01   0.0000000000000000e+00   0.0000000000000000e+00   5.4612756576820814e-14
  -8.2508445806490283e-01  -7.9806142376013384e-04   5.2561208382528347e-03  -9.3444812898331542e-01   0.0000000000000000e+00   0.0000000000000000e+00   4.5362628982848765e-14
  -8.2506145453817392e-01  -7.0618819889579215e-04   4.6574132493934365e-03  -9.3456595213076787e-01   0.0000000000000000e+00   0.0000000000000000e+00   3.5569803718485763e-14
  -8.2504122653483081e-01  -6.1455659580249419e-04   4.0579817424922348e-03  -9.3466953801563968e-01   0.0000000000000000e+00   0.0000000000000000e+00   2.9164575231313470e-14
  -8.2502377899842316e-01  -5.2313584660106582e-04   3.4579194540995685e-03  -9.3475886949998710e-01   0.0000000000000000e+00   0.0000000000000000e+00   2.4398554936254495e-14
  -8.2500911619384631e-01  -4.3189501440197686e-04   2.8573196332945697e-03  -9.3483393179424590e-01   0.0000000000000000e+00   0.0000000000000000e+00   2.0368394435376528e-14
  -8.2499724170591437e-01  -3.4080301813521098e-04   2.2562756251014011e-03  -9.3489471246409239e-01   0.0000000000000000e+00   0.0000000000000000e+00   1.5848175106233743e-14
  -8.2498815843816009e-01  -2.4982865747999526e-04   1.6548808538638254e-03  -9.3494120143621851e-01   0.0000000000000000e+00   0.0000000000000000e+00   1.1500691629497944e-14
  -8.2498186861186262e-01  -1.5894063787726695e-04   1.0532288065849809e-03  -9.3497339100301780e-01   0.0000000000000000e+00   0.0000000000000000e+00   7.9056519000463186e-15
  -8.2497837376530292e-01  -6.8107595607681695e-05   4.5141301623997682e-04  -9.3499127582617469e-01   0.0000000000000000e+00   0.0000000000000000e+00   5.5218900309884225e-15
  -8.2497767475324890e-01   2.2701877082199293e-05  -1.5047295493153735e-04  -9.3499485293915108e-01   0.0000000000000000e+00   0.0000000000000000e+00   4.8870559802319015e-15
  -8.2497977174666826e-01   1.1351920682307285e-04  -7.5233553214576032e-04  -9.3498412174857037e-01   0.0000000000000000e+00   0.0000000000000000e+00   6.5392821875602501e-15
  -8.2498466423267180e-01   2.0437581395283972e-04  -1.3540811448003699e-03  -9.3495908403449368e-01   0.0000000000000000e+00   0.0000000000000000e+00   9.5772137594987501e-15
  -8.2499235101468493e-01   2.9530308735099538e-04  -1.9556162431986030e-03  -9.3491974394958954e-01   0.0000000000000000e+00   0.0000000000000000e+00   1.3614184893754190e-14
  -8.2500283021284881e-01   3.8633235929491335e-04  -2.5568473152639813e-03  -9.3486610801719916e-01   0.0000000000000000e+00   0.0000000000000000e+00   1.8126659276407521e-14
  -8.2501609926465036e-01   4.7749488035557118e-04  -3.1576809032386462e-03  -9.3479818512829671e-01   0.0000000000000000e+00   0.0000000000000000e+00   2.2488236458808283e-14
  -8.2503215492578030e-01   5.6882179435016091e-04  -3.7580236203581759e-03  -9.3471598653735244e-01   0.0000000000000000e+00   0.0000000000000000e+00   2.6878566796921733e-14
  -8.2505099327121967e-01   6.6034411336881541e-04  -4.3577821674950883e-03  -9.3461952585710018e-01   0.0000000000000000e+00   0.0000000000000000e+00   3.1143680681692789e-14
  -8.2507260969655327e-01   7.5209269289272171e-04  -4.9568633497645989e-03  -9.3450881905221861e-01   0.0000000000000000e+00   0.0000000000000000e+00   4.0482746367988787e-14
  -8.2509699891951027e-01   8.4409820702050810e-04  -5.5551740930847512e-03  -9.3438388443193410e-01   0.0000000000000000e+00   0.0000000000000000e+00   5.0107858096285568e-14
  -8.2512415498172997e-01   9.3639112381971312e-04  -6.1526214606841710e-03  -9.3424474264155322e-01   0.0000000000000000e+00   0.0000000000000000e+00   5.8769091511838115e-14
  -8.2515407125075202e-01   1.0290016808198613e-03  -6.7491126695503941e-03  -9.3409141665293749e-01   0.0000000000000000e+00   0.0000000000000000e+00   6.5599971475342545e-14
  -8.2518674042223061e-01   1.1219598606633883e-03  -7.3445551068116489e-03  -9.3392393175393107e-01   0.0000000000000000e+00   0.0000000000000000e+00   6.9745069031113296e-14
  -8.2522215452237058e-01   1.2152953669303107e-03  -7.9388563460452179e-03  -9.3374231553675724e-01   0.0000000000000000e+00   0.0000000000000000e+00   8.2461036375169195e-14
  -8.2526030491058433e-01   1.3090376001522993e-03  -8.5319241635057191e-03  -9.3354659788539551e-01   0.0000000000000000e+00   0.0000000000000000e+00   1.0203053557076712e-13
  -8.2530118228236804e-01   1.4032156340313198e-03  -9.1236665542662864e-03  -9.3333681096195797e-01   0.0000000000000000e+00   0.0000000000000000e+00   1.2075281703301178e-13
  -8.2534477667239492e-01   1.4978581918777285e-03  -9.7139917482663308e-03  -9.3311298919208041e-01   0.0000000000000000e+00   0.0000000000000000e+00   1.3750570569852628e-13
  -8.2539107745782514e-01   1.5929936232821490e-03  -1.0302808226259105e-02  -9.3287516924934955e-01   0.0000000000000000e+00   0.0000000000000000e+00   1.5114982804474426e-13
  -8.2544007336182901e-01   1.6886498810351949e-03  -1.0890024735652711e-02  -9.3262339003878170e-01   0.0000000000000000e+00   0.0000000000000000e+00   1.6058702239206359e-13
  -8.2549175245732220e-01   1.7848544983084871e-03  -1.1475550306238832e-02  -9.3235769267937818e-01   0.0000000000000000e+00   0.0000000000000000e+00   1.6654447345120020e-13
  -8.2554610217091084e-01   1.8816345661098587e-03  -1.2059294265801521e-02  -9.3207812048577643e-01   0.0000000000000000e+00   0.0000000000000000e+00   1.8818627091210214e-13
  -8.2560310928704450e-01   1.9790167110254192e-03  -1.2641166255602087e-02  -9.3178471894902193e-01   0.0000000000000000e+00   0.0000000000000000e+00   2.0590181094300324e-13
  -8.2566275995237426e-01   2.0770270732603669e-03  -1.3221076245732894e-02  -9.3147753571648284e-01   0.0000000000000000e+00   0.0000000000000000e+00   2.1850071002546702e-13
  -8.2572503968031319e-01   2.1756912849897215e-03  -1.3798934550333774e-02  -9.3115662057093374e-01   0.0000000000000000e+00   0.0000000000000000e+00   2.2987420684748957e-13
  -8.2578993335579809e-01   2.2750344490301798e-03  -1.4374651842667381e-02  -9.3082202540883530e-01   0.0000000000000000e+00   0.0000000000000000e+00   2.3942899671023485e-13
  -8.2585742524024908e-01   2.3750811178431166e-03  -1.4948139170046526e-02  -9.3047380421783366e-01   0.0000000000000000e+00   0.0000000000000000e+00   2.4187553940315006e-13
  -8.2592749897672324e-01   2.4758552728783891e-03  -1.5519307968608752e-02  -9.3011201305351099e-01   0.0000000000000000e+00   0.0000000000000000e+00   2.5349780501302034e-13
  -8.2600013759526236e-01   2.5773803042679847e-03  -1.6088070077932490e-02  -9.2973671001541236e-01   0.0000000000000000e+00   0.0000000000000000e+00   2.7555974686106116e-13
  -8.2607532351842894e-01   2.6796789908781447e-03  -1.6654337755491321e-02  -9.2934795522237934e-01   0.0000000000000000e+00   0.0000000000000000e+00   2.9071909580569244e-13
  -8.2615303856702960e-01   2.7827734807274341e-03  -1.7218023690939992e-02  -9.2894581078722271e-01   0.0000000000000000e+00   0.0000000000000000e+00   2.9789657916719024e-13
  -8.2623326396602237e-01   2.8866852717782578e-03  -1.7779041020228439e-02  -9.2853034079075947e-01   0.0000000000000000e+00   0.0000000000000000e+00   2.9627121913999108e-13
  -8.2631598035060416e-01   2.9914351931081863e-03  -1.8337303339539444e-02  -9.2810161125525004e-01   0.0000000000000000e+00   0.0000000000000000e+00   2.8532563722589390e-13
  -8.2640116777247696e-01   3.0970433864670500e-03  -1.8892724719045347e-02  -9.2765969011726557e-01   0.0000000000000000e+00   0.0000000000000000e+00   2.8151706378004076e-13
  -8.2648880570628758e-01   3.2035292882251175e-03  -1.9445219716480389e-02  -9.2720464720001761e-01   0.0000000000000000e+00   0.0000000000000000e+00   3.2088749526255395e-13
  -8.2657887305623912e-01   3.3109116117169962e-03  -1.9994703390524324e-02  -9.2673655418518175e-01   0.0000000000000000e+00   0.0000000000000000e+00   3.5314313450786386e-13
  -8.2667134816287136e-01   3.4192083299852544e-03  -2.0541091313993943e-02  -9.2625548458424944e-01   0.0000000000000000e+00   0.0000000000000000e+00   3.7688766428711451e-13
  -8.2676620881000507e-01   3.5284366589272108e-03  -2.1084299586839605e-02  -9.2576151370944326e-01   0.0000000000000000e+00   0.0000000000000000e+00   3.9099159415054741e-13
  -8.2686343223184855e-01   3.6386130408475638e-03  -2.1624244848942181e-02  -9.2525471864422437e-01   0.0000000000000000e+00   0.0000000000000000e+00   3.9464339423321061e-13
  -8.2696299512026206e-01   3.7497531284191310e-03  -2.2160844292708964e-02  -9.2473517821343054e-01   0.0000000000000000e+00   0.0000000000000000e+00   3.8738829385502796e-13
  -8.2706487363217807e-01   3.8618717690533585e-03  -2.2694015675465272e-02  -9.2420297295307563e-01   0.0000000000000000e+00   0.0000000000000000e+00   3.8558250501902211e-13
  -8.2716904339717212e-01   3.9749829896812174e-03  -2.3223677331638087e-02  -9.2365818507984920e-01   0.0000000000000000e+00   0.0000000000000000e+00   4.0679166808801754e-13
  -8.2727547952518266e-01   4.0890999819453953e-03  -2.3749748184731176e-02  -9.2310089846034449e-01   0.0000000000000000e+00   0.0000000000000000e+00   4.1748739691263105e-13
  -8.2738415661437514e-01   4.2042350878032445e-03  -2.4272147759088366e-02  -9.2253119858005461e-01   0.0000000000000000e+00   0.0000000000000000e+00   4.2985261410374642e-13
  -8.2749504875914803e-01   4.3203997855398753e-03  -2.4790796191442418e-02  -9.2194917251216812e-01   0.0000000000000000e+00   0.0000000000000000e+00   4.3539991727097587e-13
  -8.2760812955827645e-01   4.4376046761903133e-03  -2.5305614242249919e-02  -9.2135490888620097e-01   0.0000000000000000e+00   0.0000000000000000e+00   4.2953589765466474e-13
  -8.2772337212319047e-01   4.5558594703689059e-03  -2.5816523306808229e-02  -9.2074849785649493e-01   0.0000000000000000e+00   0.0000000000000000e+00   4.1235616092218416e-13
  -8.2784074908638494e-01   4.6751729755035616e-03  -2.6323445426154377e-02  -9.2013003107062241e-01   0.0000000000000000e+00   0.0000000000000000e+00   4.1152725022817421e-13
  -8.2796023260995644e-01   4.7955530834724244e-03  -2.6826303297744783e-02  -9.1949960163772804e-01   0.0000000000000000e+00   0.0000000000000000e+00   4.2247960520742760e-13
  -8.2808179439426499e-01   4.9170067586397602e-03  -2.7325020285914582e-02  -9.1885730409683897e-01   0.0000000000000000e+00   0.0000000000000000e+00   4.2203221607723610e-13
  -8.2820540568671697e-01   5.0395400262873181e-03  -2.7819520432115562e-02  -9.1820323438518425e-01   0.0000000000000000e+00   0.0000000000000000e+00   4.1025832161922938e-13
  -8.2833103729066493e-01   5.1631579614374555e-03  -2.8309728464932949e-02  -9.1753748980654914e-01   0.0000000000000000e+00   0.0000000000000000e+00   3.8762006784303509e-13
  -8.2845865957442288e-01   5.2878646780634732e-03  -2.8795569809879656e-02  -9.1686016899970302e-01   0.0000000000000000e+00   0.0000000000000000e+00   3.5494815342236619e-13
  -8.2858824248039076e-01   5.4136633186827217e-03  -2.9276970598969408e-02  -9.1617137190692954e-01   0.0000000000000000e+00   0.0000000000000000e+00   3.2588389424571166e-13
  -8.2871975553428856e-01   5.5405560443272175e-03  -2.9753857680066768e-02  -9.1547119974269453e-01   0.0000000000000000e+00   0.0000000000000000e+00   3.5376815836500618e-13
  -8.2885316785449337e-01   5.6685440248865591e-03  -3.0226158626015628e-02  -9.1475975496248108e-01   0.0000000000000000e+00   0.0000000000000000e+00   3.7108192482984815e-13
  -8.2898844816147832e-01   5.7976274298178337e-03  -3.0693801743547463e-02  -9.1403714123182589e-01   0.0000000000000000e+00   0.0000000000000000e+00   3.7757444460552883e-13
  -8.2912556478734911e-01   5.9278054192162602e-03  -3.1156716081967149e-02  -9.1330346339558321e-01   0.0000000000000000e+00   0.0000000000000000e+00   3.7337304732590097e-13
  -8.2926448568547562e-01   6.0590761352408914e-03  -3.1614831441620264e-02  -9.1255882744745476e-01   0.0000000000000000e+00   0.0000000000000000e+00   3.5896956538607131e-13
  -8.2940517844021500e-01   6.1914366938891872e-03  -3.2068078382140978e-02  -9.1180334049980605e-01   0.0000000000000000e+00   0.0000000000000000e+00   3.3519269819854209e-13
  -8.2954761027672341e-01   6.3248831771138200e-03  -3.2516388230482147e-02  -9.1103711075380744e-01   0.0000000000000000e+00   0.0000000000000000e+00   3.1756496092503049e-13
  -8.2969174807085366e-01   6.4594106252757987e-03  -3.2959693088729397e-02  -9.1026024746992185e-01   0.0000000000000000e+00   0.0000000000000000e+00   3.2029877613450715e-13
  -8.2983755835913431e-01   6.5950130299266968e-03  -3.3397925841700073e-02  -9.0947286093877333e-01   0.0000000000000000e+00   0.0000000000000000e+00   3.1650987891478165e-13
  -8.2998500734882996e-01   6.7316833269141958e-03  -3.3831020164329637e-02  -9.0867506245241803e-01   0.0000000000000000e+00   0.0000000000000000e+00   3.1538885214225508e-13
  -8.3013406092807673e-01   6.8694133898034096e-03  -3.4258910528845887e-02  -9.0786696427605162e-01   0.0000000000000000e+00   0.0000000000000000e+00   3.0531078958802105e-13
  -8.3028468467609240e-01   7.0081940236083121e-03  -3.4681532211735151e-02  -9.0704867962017344e-01   0.0000000000000000e+00   0.0000000000000000e+00   2.8710696954941013e-13
  -8.3043684387345751e-01   7.1480149588258567e-03  -3.5098821300500321e-02  -9.0622032261323782e-01   0.0000000000000000e+00   0.0000000000000000e+00   2.6779736438716887e-13
  -8.3059050351246433e-01   7.2888648457669798e-03  -3.5510714700214892e-02  -9.0538200827481385e-01   0.0000000000000000e+00   0.0000000000000000e+00   2.6871034353775483e-13
  -8.3074562830753163e-01   7.4307312491775981e-03  -3.5917150139874822e-02  -9.0453385248928231e-01   0.0000000000000000e+00   0.0000000000000000e+00   2.6148586300002837e-13
  -8.3090218270568217e-01   7.5736006431436145e-03  -3.6318066178550663e-02  -9.0367597198009020e-01   0.0000000000000000e+00   0.0000000000000000e+00   2.4691014240163495e-13
  -8.3106013089708042e-01   7.7174584062735321e-03  -3.6713402211342762e-02  -9.0280848428458771e-01   0.0000000000000000e+00   0.0000000000000000e+00   2.2598821487820904e-13
  -8.3121943682562838e-01   7.8622888171532498e-03  -3.7103098475143113e-02  -9.0193150772946962e-01   0.0000000000000000e+00   0.0000000000000000e+00   1.9989372777413426e-13
  -8.3138006419961552e-01   8.0080750500666105e-03  -3.7487096054205853e-02  -9.0104516140684332e-01   0.0000000000000000e+00   0.0000000000000000e+00   1.6991420933666892e-13
  -8.3154197650242279e-01   8.1547991709771325e-03  -3.7865336885530940e-02  -9.0014956515094480e-01   0.0000000000000000e+00   0.0000000000000000e+00   1.7621899339011040e-13
  -8.3170513700327497e-01   8.3024421337648674e-03  -3.8237763764062717e-02  -8.9924483951552026e-01   0.0000000000000000e+00   0.0000000000000000e+00   1.7840645942764658e-13
  -8.3186950876804333e-01   8.4509837767142715e-03  -3.8604320347708089e-02  -8.9833110575189901e-01   0.0000000000000000e+00   0.0000000000000000e+00   1.7436504237778401e-13
  -8.3203505467009109e-01   8.6004028192481728e-03  -3.8964951162177658e-02  -8.9740848578776877e-01   0.0000000000000000e+00   0.0000000000000000e+00   1.6479926063130069e-13
  -8.3220173740116465e-01   8.7506768589038775e-03  -3.9319601605652947e-02  -8.9647710220667920e-01   0.0000000000000000e+00   0.0000000000000000e+00   1.5057083663293081e-13
  -8.3236951948232363e-01   8.9017823685473597e-03  -3.9668217953283430e-02  -8.9553707822828499e-01   0.0000000000000000e+00   0.0000000000000000e+00   1.3265284777870196e-13
  -8.3253836327491104e-01   9.0536946938228648e-03  -4.0010747361518870e-02  -8.9458853768935009e-01   0.0000000000000000e+00   0.0000000000000000e+00   1.2365656984075673e-13
  -8.3270823099155944e-01   9.2063880508343084e-03  -4.0347137872278137e-02  -8.9363160502552552e-01   0.0000000000000000e+00   0.0000000000000000e+00   1.1789069050203788e-13
  -8.3287908470723182e-01   9.3598355240566908e-03  -4.0677338416961556e-02  -8.9266640525391838e-01   0.0000000000000000e+00   0.0000000000000000e+00   1.1312632375795874e-13
  -8.3305088637029434e-01   9.5140090644752762e-03  -4.1001298820308750e-02  -8.9169306395646675e-01   0.0000000000000000e+00   0.0000000000000000e+00   1.0608673234855801e-13
  -8.3322359781362021e-01   9.6688794879514484e-03  -4.1318969804107555e-02  -8.9071170726413296e-01   0.0000000000000000e+00   0.0000000000000000e+00   9.5836819418386312e-14
  -8.3339718076572045e-01   9.8244164738143375e-03  -4.1630302990757512e-02  -8.8972246184192805e-01   0.0000000000000000e+00   0.0000000000000000e+00   8.8868963336089451e-14
  -8.3357159686190208e-01   9.9805885636780056e-03  -4.1935250906693151e-02  -8.8872545487478460e-01   0.0000000000000000e+00   0.0000000000000000e+00   8.5740497050776087e-14
  -8.3374680765545017e-01   1.0137363160484782e-02  -4.2233766985671051e-02  -8.8772081405428294e-01   0.0000000000000000e+00   0.0000000000000000e+00   7.9486330713302409e-14
  -8.3392277462883146e-01   1.0294706527775581e-02  -4.2525805571925285e-02  -8.8670866756624545e-01   0.0000000000000000e+00   0.0000000000000000e+00   7.0760456183611111e-14
  -8.3409945920491935e-01   1.0452583789188986e-02  -4.2811321923196109e-02  -8.8568914407921251e-01   0.0000000000000000e+00   0.0000000000000000e+00   6.0255559765649422e-14
  -8.3427682275823656e-01   1.0610958928191687e-02  -4.3090272213636906e-02  -8.8466237273380166e-01   0.0000000000000000e+00   0.0000000000000000e+00   4.8667818176493804e-14
  -8.3445482662621395e-01   1.0769794788042984e-02  -4.3362613536603492e-02  -8.8362848313296738e-01   0.0000000000000000e+00   0.0000000000000000e+00   5.0131148212911285e-14
  -8.3463343212046459e-01   1.0929053071997409e-02  -4.3628303907330537e-02  -8.8258760533316361e-01   0.0000000000000000e+00   0.0000000000000000e+00   4.9055737538984820e-14
  -8.3481260053807016e-01   1.1088694343750143e-02  -4.3887302265501679e-02  -8.8153986983642085e-01   0.0000000000000000e+00   0.0000000000000000e+00   4.5824744536382885e-14
  -8.3499229317287726e-01   1.1248678028130003e-02  -4.4139568477715309e-02  -8.8048540758334137e-01   0.0000000000000000e+00   0.0000000000000000e+00   4.0902419205707454e-14
  -8.3517247132680406e-01   1.1408962412046926e-02  -4.4385063339854522e-02  -8.7942434994702223e-01   0.0000000000000000e+00   0.0000000000000000e+00   3.4779141130652836e-14
  -8.3535309632115151e-01   1.1569504645700009e-02  -4.4623748579363132e-02  -8.7835682872790688e-01   0.0000000000000000e+00   0.0000000000000000e+00   3.1700023161923087e-14
  -8.3553412950792205e-01   1.1730260744054401e-02  -4.4855586857434855e-02  -8.7728297614957551e-01   0.0000000000000000e+00   0.0000000000000000e+00   2.9148759646527613e-14
  -8.3571553228113882e-01   1.1891185588595352e-02  -4.5080541771119843e-02  -8.7620292485547280e-01   0.0000000000000000e+00   0.0000000000000000e+00   2.7029189465575107e-14
  -8.3589726608816750e-01   1.2052232929368738e-02  -4.5298577855354114e-02  -8.7511680790658286e-01   0.0000000000000000e+00   0.0000000000000000e+00   2.4098745787951577e-14
  -8.3607929244103629e-01   1.2213355387318804e-02  -4.5509660584916956e-02  -8.7402475878004526e-01   0.0000000000000000e+00   0.0000000000000000e+00   2.1303375911794076e-14
  -8.3626157292775261e-01   1.2374504456933513e-02  -4.5713756376321156e-02  -8.7292691136872280e-01   0.0000000000000000e+00   0.0000000000000000e+00   2.0143010046489136e-14
  -8.3644406922361558e-01   1.2535630509210333e-02  -4.5910832589641640e-02  -8.7182339998171643e-01   0.0000000000000000e+00   0.0000000000000000e+00   1.8010750722055359e-14
  -8.3662674310252017e-01   1.2696682794954860e-02  -4.6100857530288038e-02  -8.7071435934583019e-01   0.0000000000000000e+00   0.0000000000000000e+00   1.5200098910584628e-14
  -8.3680955644825228e-01   1.2857609448426448e-02  -4.6283800450725575e-02  -8.6959992460798463e-01   0.0000000000000000e+00   0.0000000000000000e+00   1.2003258688587470e-14
  -8.3699247126577281e-01   1.3018357491345639e-02  -4.6459631552150167e-02  -8.6848023133857855e-01   0.0000000000000000e+00   0.0000000000000000e+00   1.0187287527376351e-14
  -8.3717544969248670e-01   1.3178872837278990e-02  -4.6628321986122864e-02  -8.6735541553579532e-01   0.0000000000000000e+00   0.0000000000000000e+00   9.6715152689748562e-15
  -8.3735845400949627e-01   1.3339100296418140e-02  -4.6789843856168509e-02  -8.6622561363085382e-01   0.0000000000000000e+00   0.0000000000000000e+00   8.5067444764637802e-15
  -8.3754144665283681e-01   1.3498983580770910e-02  -4.6944170219345049e-02  -8.6509096249419837e-01   0.0000000000000000e+00   0.0000000000000000e+00   6.8926161033324611e-15
  -8.3772439022468925e-01   1.3658465309782486e-02  -4.7091275087786350e-02  -8.6395159944262345e-01   0.0000000000000000e+00   0.0000000000000000e+00   5.0605676092383325e-15
  -8.3790724750457102e-01   1.3817487016407344e-02  -4.7231133430226960e-02  -8.6280766224732786e-01   0.0000000000000000e+00   0.0000000000000000e+00   4.3459110118366586e-15
  -8.3808998146049996e-01   1.3975989153651280e-02  -4.7363721173511168e-02  -8.6165928914289447e-01   0.0000000000000000e+00   0.0000000000000000e+00   3.6845489537840203e-15
  -8.3827255526012889e-01   1.4133911101605924e-02  -4.7489015204092870e-02  -8.6050661883718393e-01   0.0000000000000000e+00   0.0000000000000000e+00   3.5328852862962820e-15
  -8.3845493228184953e-01   1.4291191174998101e-02  -4.7606993369531780e-02  -8.5934979052213978e-01   0.0000000000000000e+00   0.0000000000000000e+00   3.2013786440828177e-15
  -8.3863707612586091e-01   1.4447766631277108e-02  -4.7717634479989619e-02  -8.5818894388549150e-01   0.0000000000000000e+00   0.0000000000000000e+00   2.5398551606317434e-15
  -8.3881895062520084e-01   1.4603573679265236e-02  -4.7820918309733576e-02  -8.5702421912334847e-01   0.0000000000000000e+00   0.0000000000000000e+00   2.8825061837435811e-15
  -8.3900051985673607e-01   1.4758547488395918e-02  -4.7916825598649529e-02  -8.5585575695367200e-01   0.0000000000000000e+00   0.0000000000000000e+00   2.9845551013555342e-15
  -8.3918174815210955e-01   1.4912622198566865e-02  -4.8005338053772342e-02  -8.5468369863061622e-01   0.0000000000000000e+00   0.0000000000000000e+00   2.7701058936950650e-15
  -8.3936260010863928e-01   1.5065730930634784e-02  -4.8086438350836341e-02  -8.5350818595972011e-01   0.0000000000000000e+00   0.0000000000000000e+00   2.9103979758138454e-15
  -8.3954304060016716e-01   1.5217805797580669e-02  -4.8160110135852648e-02  -8.5232936131394232e-01   0.0000000000000000e+00   0.0000000000000000e+00   2.7964066293517258e-15
  -8.3972303478785371e-01   1.5368777916374303e-02  -4.8226338026716845e-02  -8.5114736765051879e-01   0.0000000000000000e+00   0.0000000000000000e+00   2.6278786056819181e-15
  -8.3990254813091458e-01   1.5518577420568273e-02  -4.8285107614851462e-02  -8.4996234852862873e-01   0.0000000000000000e+00   0.0000000000000000e+00   2.3099169830218240e-15
  -8.4008154639729449e-01   1.5667133473652867e-02  -4.8336405466890345e-02  -8.4877444812785041e-01   0.0000000000000000e+00   0.0000000000000000e+00   1.9459381656913291e-15
  -8.4025999567427700e-01   1.5814374283203161e-02  -4.8380219126406165e-02  -8.4758381126739013e-01   0.0000000000000000e+00   0.0000000000000000e+00   1.6297000397282550e-15
  -8.4043786237902218e-01   1.5960227115851711e-02  -4.8416537115688850e-02  -8.4639058342605855e-01   0.0000000000000000e+00   0.0000000000000000e+00   1.1807309711779722e-15
  -8.4061511326903149e-01   1.6104618313119566e-02  -4.8445348937576314e-02  -8.4519491076297970e-01   0.0000000000000000e+00   0.0000000000000000e+00   6.7120604065426471e-16
  -8.4079171545253306e-01   1.6247473308141136e-02  -4.8466645077345119e-02  -8.4399694013900362e-01   0.0000000000000000e+00   0.0000000000000000e+00   2.8966639508146689e-16
  -8.4096763639878358e-01   1.6388716643316759e-02  -4.8480417004661970e-02  -8.4279681913880022e-01   0.0000000000000000e+00   0.0000000000000000e+00   2.8966639734905939e-16
  -8.4114284394828176e-01   1.6528271988929713e-02  -4.8486657175602750e-02  -8.4159469609360960e-01   0.0000000000000000e+00   0.0000000000000000e+00   6.7120604553986518e-16
  -8.4131730632288892e-01   1.6666062162763874e-02  -4.8485359034741785e-02  -8.4039072010461824e-01   0.0000000000000000e+00   0.0000000000000000e+00   1.1807309761277206e-15
  -8.4149099213585021e-01   1.6802009150759065e-02  -4.8476517017315417e-02  -8.3918504106693304e-01   0.0000000000000000e+00   0.0000000000000000e+00   1.6297000447346241e-15
  -8.4166387040171309e-01   1.6936034128742124e-02  -4.8460126551464457e-02  -8.3797780969412261e-01   0.0000000000000000e+00   0.0000000000000000e+00   1.9459381707465896e-15
  -8.4183591054613516e-01   1.7068057485271480e-02  -4.8436184060557150e-02  -8.3676917754329161e-01   0.0000000000000000e+00   0.0000000000000000e+00   2.3099169862909618e-15
  -8.4200708241557765e-01   1.7197998845634593e-02  -4.8404686965598777e-02  -8.3555929704065413e-01   0.0000000000000000e+00   0.0000000000000000e+00   2.6278786091078897e-15
  -8.4217735628687762e-01   1.7325777097036647e-02  -4.8365633687728407e-02  -8.3434832150756910e-01   0.0000000000000000e+00   0.0000000000000000e+00   2.7964066288299180e-15
  -8.4234670287669300e-01   1.7451310415020821e-02  -4.8319023650808715e-02  -8.3313640518700072e-01   0.0000000000000000e+00   0.0000000000000000e+00   2.9103979755351779e-15
  -8.4251509335081332e-01   1.7574516291158842e-02  -4.8264857284108419e-02  -8.3192370327035947e-01   0.0000000000000000e+00   0.0000000000000000e+00   2.7701058899197905e-15
  -8.4268249933333150e-01   1.7695311562052833e-02  -4.8203136025083880e-02  -8.3071037192468622e-01   0.0000000000000000e+00   0.0000000000000000e+00   2.9845550977096313e-15
  -8.4284889291566822e-01   1.7813612439687699e-02  -4.8133862322259524e-02  -8.2949656832013086e-01   0.0000000000000000e+00   0.0000000000000000e+00   2.8825061802303989e-15
  -8.4301424666544189e-01   1.7929334543174160e-02  -4.8057039638209932e-02  -8.2828245065767891e-01   0.0000000000000000e+00   0.0000000000000000e+00   2.5398551554905187e-15
  -8.4317853363517881e-01   1.8042392931922779e-02  -4.7972672452647157e-02  -8.2706817819707967e-01   0.0000000000000000e+00   0.0000000000000000e+00   3.2013786389708519e-15
  -8.4334172737085422e-01   1.8152702140288222e-02  -4.7880766265613058e-02  -8.2585391128492047e-01   0.0000000000000000e+00   0.0000000000000000e+00   3.5328852812224841e-15
  -8.4350380192025776e-01   1.8260176213723698e-02  -4.7781327600780292e-02  -8.2463981138279618e-01   0.0000000000000000e+00   0.0000000000000000e+00   3.6845489494364264e-15
  -8.4366473184117496e-01   1.8364728746483858e-02  -4.7674364008861055e-02  -8.2342604109551587e-01   0.0000000000000000e+00   0.0000000000000000e+00   4.3459110074433391e-15
  -8.4382449220937761e-01   1.8466272920915537e-02  -4.7559884071127004e-02  -8.2221276419928924e-01   0.0000000000000000e+00   0.0000000000000000e+00   5.0605676074178229e-15
  -8.4398305862641398e-01   1.8564721548373332e-02  -4.7437897403039234e-02  -8.2100014566983071e-01   0.0000000000000000e+00   0.0000000000000000e+00   6.8926161058486426e-15
  -8.4414040722719064e-01   1.8659987111797543e-02  -4.7308414657989940e-02  -8.1978835171031605e-01   0.0000000000000000e+00   0.0000000000000000e+00   8.5067444788314010e-15
  -8.4429651468733813e-01   1.8751981809990246e-02  -4.7171447531155909e-02  -8.1857754977912933e-01   0.0000000000000000e+00   0.0000000000000000e+00   9.6715152711932609e-15
  -8.4445135823035022e-01   1.8840617603624373e-02  -4.7027008763462219e-02  -8.1736790861732445e-01   0.0000000000000000e+00   0.0000000000000000e+00   1.0187287529445172e-14
  -8.4460491563448914e-01   1.8925806263019863e-02  -4.6875112145658426e-02  -8.1615959827573592e-01   0.0000000000000000e+00   0.0000000000000000e+00   1.2003258693059451e-14
  -8.4475716523944755e-01   1.9007459417718531e-02  -4.6715772522503501e-02  -8.1495279014166044e-01   0.0000000000000000e+00   0.0000000000000000e+00   1.5200098914949670e-14
  -8.4490808595275613e-01   1.9085488607888692e-02  -4.6549005797060228e-02  -8.1374765696503260e-01   0.0000000000000000e+00   0.0000000000000000e+00   1.8010750726308014e-14
  -8.4505765725593018e-01   1.9159805337588300e-02  -4.6374828935096910e-02  -8.1254437288401615e-01   0.0000000000000000e+00   0.0000000000000000e+00   2.0143010050623960e-14
  -8.4520585921034330e-01   1.9230321129913484e-02  -4.6193259969594308e-02  -8.1134311344992516e-01   0.0000000000000000e+00   0.0000000000000000e+00   2.1303375915808860e-14
  -8.4535267246281909e-01   1.9296947584056767e-02  -4.6004318005355149e-02  -8.1014405565139280e-01   0.0000000000000000e+00   0.0000000000000000e+00   2.4098745792215677e-14
  -8.4549807825093071e-01   1.9359596434298295e-02  -4.5808023223715022e-02  -8.0894737793769633e-01   0.0000000000000000e+00   0.0000000000000000e+00   2.7029189469787369e-14
  -8.4564205840799933e-01   1.9418179610948209e-02  -4.5604396887348291e-02  -8.0775326024114935e-01   0.0000000000000000e+00   0.0000000000000000e+00   2.9148759650176145e-14
  -8.4578459536777906e-01   1.9472609303258930e-02  -4.5393461345169014e-02  -8.0656188399846529e-01   0.0000000000000000e+00   0.0000000000000000e+00   3.1700023165657391e-14
  -8.4592567216882042e-01   1.9522798024319873e-02  -4.5175240037320118e-02  -8.0537343217099666e-01   0.0000000000000000e+00   0.0000000000000000e+00   3.4779141130038332e-14
  -8.4606527245850027e-01   1.9568658677945629e-02  -4.4949757500246941e-02  -8.0418808926375207e-01   0.0000000000000000e+00   0.0000000000000000e+00   4.0902419205228388e-14
  -8.4620338049670862e-01   1.9610104627565156e-02  -4.4717039371850578e-02  -8.0300604134308617e-01   0.0000000000000000e+00   0.0000000000000000e+00   4.5824744536036417e-14
  -8.4633998115918085e-01   1.9647049767114916e-02  -4.4477112396714563e-02  -8.0182747605295923e-01   0.0000000000000000e+00   0.0000000000000000e+00   4.9055737538769644e-14
  -8.4647505994046657e-01   1.9679408593935716e-02  -4.4230004431399211e-02  -8.0065258262966044e-01   0.0000000000000000e+00   0.0000000000000000e+00   5.0131148212820951e-14
  -8.4660860295652207e-01   1.9707096283668329e-02  -4.3975744449797134e-02  -7.9948155191488512e-01   0.0000000000000000e+00   0.0000000000000000e+00   4.8667818173791747e-14
  -8.4674059694691761e-01   1.9730028767138735e-02  -4.3714362548541955e-02  -7.9831457636705216e-01   0.0000000000000000e+00   0.0000000000000000e+00   6.0255559763076007e-14
  -8.4687102927664859e-01   1.9748122809218730e-02  -4.3445889952462860e-02  -7.9715185007075218e-01   0.0000000000000000e+00   0.0000000000000000e+00   7.0760456181163951e-14
  -8.4699988793753966e-01   1.9761296089643676e-02  -4.3170359020077154e-02  -7.9599356874420568e-01   0.0000000000000000e+00   0.0000000000000000e+00   7.9486330710979283e-14
  -8.4712716154923096e-01   1.9769467285762263e-02  -4.2887803249111227e-02  -7.9483992974461848e-01   0.0000000000000000e+00   0.0000000000000000e+00   8.5740497048573840e-14
  -8.4725283935973794e-01   1.9772556157189161e-02  -4.2598257282040031e-02  -7.9369113207131126e-01   0.0000000000000000e+00   0.0000000000000000e+00   8.8868963334005356e-14
  -8.4737691124557213e-01   1.9770483632324653e-02  -4.2301756911635922e-02  -7.9254737636650574e-01   0.0000000000000000e+00   0.0000000000000000e+00   9.5836819414890573e-14
  -8.4749936771141421e-01   1.9763171896700377e-02  -4.1998339086515735e-02  -7.9140886491364382e-01   0.0000000000000000e+00   0.0000000000000000e+00   1.0608673234508932e-13
  -8.4762019988932980e-01   1.9750544483102827e-02  -4.1688041916674454e-02  -7.9027580163311595e-01   0.0000000000000000e+00   0.0000000000000000e+00   1.1312632375451300e-13
  -8.4773939953751665e-01   1.9732526363420273e-02  -4.1370904678993660e-02  -7.8914839207527876e-01   0.0000000000000000e+00   0.0000000000000000e+00   1.1789069049766991e-13
  -8.4785695903857561e-01   1.9709044042152714e-02  -4.1046967822712541e-02  -7.8802684341063367e-01   0.0000000000000000e+00   0.0000000000000000e+00   1.2365656983635915e-13
  -8.4797287139729494e-01   1.9680025651516046e-02  -4.0716272974847506e-02  -7.8691136441704468e-01   0.0000000000000000e+00   0.0000000000000000e+00   1.3265284777759359e-13
  -8.4808713023794013e-01   1.9645401048065822e-02  -4.0378862945547565e-02  -7.8580216546387138e-01   0.0000000000000000e+00   0.0000000000000000e+00   1.5057083663175385e-13
  -8.4819972980103953e-01   1.9605101910757025e-02  -4.0034781733369273e-02  -7.8469945849289169e-01   0.0000000000000000e+00   0.0000000000000000e+00   1.6479926063006113e-13
  -8.4831066493965890e-01   1.9559061840351045e-02  -3.9684074530458809e-02  -7.8360345699589407e-01   0.0000000000000000e+00   0.0000000000000000e+00   1.7436504237648713e-13
  -8.4841993111515668e-01   1.9507216460069945e-02  -3.9326787727622235e-02  -7.8251437598881501e-01   0.0000000000000000e+00   0.0000000000000000e+00   1.7840645942629787e-13
  -8.4852752439241241e-01   1.9449503517393191e-02  -3.8962968919270390e-02  -7.8143243198230483e-01   0.0000000000000000e+00   0.0000000000000000e+00   1.7621899338871355e-13
  -8.4863344143452279e-01   1.9385862986882198e-02  -3.8592666908219914e-02  -7.8035784294860133e-01   0.0000000000000000e+00   0.0000000000000000e+00   1.6991420933755050e-13
  -8.4873767949695755e-01   1.9316237173909831e-02  -3.8215931710332857e-02  -7.7929082828459850e-01   0.0000000000000000e+00   0.0000000000000000e+00   1.9989372777494135e-13
  -8.4884023642117146e-01   1.9240570819164318e-02  -3.7832814558977218e-02  -7.7823160877099662e-01   0.0000000000000000e+00   0.0000000000000000e+00   2.2598821487893530e-13
  -8.4894111062766575e-01   1.9158811203788598e-02  -3.7443367909290030e-02  -7.7718040652742315e-01   0.0000000000000000e+00   0.0000000000000000e+00   2.4691014240228285e-13
  -8.4904030110849671e-01   1.9070908255006215e-02  -3.7047645442222131e-02  -7.7613744496342441e-01   0.0000000000000000e+00   0.0000000000000000e+00   2.6148586300060044e-13
  -8.4913780741922629e-01   1.8976814652078233e-02  -3.6645702068346664e-02  -7.7510294872522456e-01   0.0000000000000000e+00   0.0000000000000000e+00   2.6871034353825395e-13
  -8.4923362967031235e-01   1.8876485932425850e-02  -3.6237593931409462e-02  -7.7407714363815527e-01   0.0000000000000000e+00   0.0000000000000000e+00   2.6779736438759649e-13
  -8.4932776851793779e-01   1.8769880597745436e-02  -3.5823378411601541e-02  -7.7306025664467048e-01   0.0000000000000000e+00   0.0000000000000000e+00   2.8710696955271844e-13
  -8.4942022515427584e-01   1.8656960219934026e-02  -3.5403114128531851e-02  -7.7205251573785938e-01   0.0000000000000000e+00   0.0000000000000000e+00   3.0531078959132099e-13
  -8.4951100129719304e-01   1.8537689546634553e-02  -3.4976860943877759e-02  -7.7105414989038457e-01   0.0000000000000000e+00   0.0000000000000000e+00   3.1538885214552776e-13
  -8.4960009917938872e-01   1.8412036606203917e-02  -3.4544679963693571e-02  -7.7006538897877053e-01   0.0000000000000000e+00   0.0000000000000000e+00   3.1650987891802171e-13
  -8.4968752153697513e-01   1.8279972811895782e-02  -3.4106633540351525e-02  -7.6908646370298772e-01   0.0000000000000000e+00   0.0000000000000000e+00   3.2029877613911571e-13
  -8.4977327159749894e-01   1.8141473065044871e-02  -3.3662785274094192e-02  -7.6811760550127572e-01   0.0000000000000000e+00   0.0000000000000000e+00   3.1756496092958917e-13
  -8.4985735306740906e-01   1.7996515857031638e-02  -3.3213200014175472e-02  -7.6715904646016186e-01   0.0000000000000000e+00   0.0000000000000000e+00   3.3519269819986410e-13
  -8.4993977011897603e-01   1.7845083369797510e-02  -3.2757943859565396e-02  -7.6621101921964319e-01   0.0000000000000000e+00   0.0000000000000000e+00   3.5896956538734257e-13
  -8.5002052737666733e-01   1.7687161574675730e-02  -3.2297084159195764e-02  -7.6527375687350818e-01   0.0000000000000000e+00   0.0000000000000000e+00   3.7337304732710085e-13
  -8.5009962990298904e-01   1.7522740329296859e-02  -3.1830689511724637e-02  -7.6434749286478432e-01   0.0000000000000000e+00   0.0000000000000000e+00   3.7757444460665702e-13
  -8.5017708318379914e-01   1.7351813472319004e-02  -3.1358829764792311e-02  -7.6343246087631433e-01   0.0000000000000000e+00   0.0000000000000000e+00   3.7108192483089869e-13
  -8.5025289311310348e-01   1.7174378915732310e-02  -3.0881576013748850e-02  -7.6252889471646634e-01   0.0000000000000000e+00   0.0000000000000000e+00   3.5376815836597230e-13
  -8.5032706597734675e-01   1.6990438734477455e-02  -3.0399000599826427e-02  -7.6163702820001156e-01   0.0000000000000000e+00   0.0000000000000000e+00   3.2588389424660154e-13
  -8.5039960843920825e-01   1.6799999253118099e-02  -2.9911177107735061e-02  -7.6075709502419664e-01   0.0000000000000000e+00   0.0000000000000000e+00   3.5494815342245964e-13
  -8.5047052752091812e-01   1.6603071129300560e-02  -2.9418180362657115e-02  -7.5988932864006919e-01   0.0000000000000000e+00   0.0000000000000000e+00   3.8762006784310466e-13
  -8.5053983058710814e-01   1.6399669433732316e-02  -2.8920086426616465e-02  -7.5903396211911900e-01   0.0000000000000000e+00   0.0000000000000000e+00   4.1025832161929567e-13
  -8.5060752532721273e-01   1.6189813726410353e-02  -2.8416972594202543e-02  -7.5819122801531591e-01   0.0000000000000000e+00   0.0000000000000000e+00   4.2203221607728633e-13
  -8.5067361973743993e-01   1.5973528128826055e-02  -2.7908917387622256e-02  -7.5736135822263906e-01   0.0000000000000000e+00   0.0000000000000000e+00   4.2247960520743755e-13
  -8.5073812210232891e-01   1.5750841391877157e-02  -2.7396000551062880e-02  -7.5654458382820888e-01   0.0000000000000000e+00   0.0000000000000000e+00   4.1152725022814442e-13
  -8.5080104097591613e-01   1.5521786959213085e-02  -2.6878303044338917e-02  -7.5574113496114792e-01   0.0000000000000000e+00   0.0000000000000000e+00   4.1235616091938495e-13
  -8.5086238516253077e-01   1.5286403025746534e-02  -2.6355907035806911e-02  -7.5495124063731400e-01   0.0000000000000000e+00   0.0000000000000000e+00   4.2953589765188139e-13
  -8.5092216369724361e-01   1.5044732591062994e-02  -2.5828895894524903e-02  -7.5417512860006164e-01   0.0000000000000000e+00   0.0000000000000000e+00   4.3539991726820796e-13
  -8.5098038582599289e-01   1.4796823507465110e-02  -2.5297354181638101e-02  -7.5341302515721198e-01   0.0000000000000000e+00   0.0000000000000000e+00   4.2985261410097993e-13
  -8.5103706098541376e-01   1.4542728522393940e-02  -2.4761367640973111e-02  -7.5266515501441988e-01   0.0000000000000000e+00   0.0000000000000000e+00   4.1748739690975459e-13
  -8.5109219878239706e-01   1.4282505314973156e-02  -2.4221023188820787e-02  -7.5193174110514405e-01   0.0000000000000000e+00   0.0000000000000000e+00   4.0679166808525504e-13
  -8.5114580897340786e-01   1.4016216526431350e-02  -2.3676408902893815e-02  -7.5121300441745131e-01   0.0000000000000000e+00   0.0000000000000000e+00   3.8558250501637148e-13
  -8.5119790144359109e-01   1.3743929784164315e-02  -2.3127614010442214e-02  -7.5050916381789057e-01   0.0000000000000000e+00   0.0000000000000000e+00   3.8738829385577396e-13
  -8.5124848618569648e-01   1.3465717719207855e-02  -2.2574728875511811e-02  -7.4982043587269642e-01   0.0000000000000000e+00   0.0000000000000000e+00   3.9464339423407319e-13
  -8.5129757327885491e-01   1.3181657976904546e-02  -2.2017844985334965e-02  -7.4914703466659394e-01   0.0000000000000000e+00   0.0000000000000000e+00   3.9099159415152959e-13
  -8.5134517286723743e-01   1.2891833220555761e-02  -2.1457054935839215e-02  -7.4848917161949569e-01   0.0000000000000000e+00   0.0000000000000000e+00   3.7688766428821488e-13
  -8.5139129513863354e-01   1.2596331127866584e-02  -2.0892452416265805e-02  -7.4784705530139117e-01   0.0000000000000000e+00   0.0000000000000000e+00   3.5314313450907979e-13
  -8.5143595030298136e-01   1.2295244380002445e-02  -2.0324132192888100e-02  -7.4722089124574886e-01   0.0000000000000000e+00   0.0000000000000000e+00   3.2088749526388247e-13
  -8.5147914857088725e-01   1.1988670643093271e-02  -1.9752190091824162e-02  -7.4661088176176216e-01   0.0000000000000000e+00   0.0000000000000000e+00   2.8151706378147924e-13
  -8.5152090013217130e-01   1.1676712542034878e-02  -1.9176722980936221e-02  -7.4601722574578622e-01   0.0000000000000000e+00   0.0000000000000000e+00   2.8532563722711927e-13
  -8.5156121513447536e-01   1.1359477626457042e-02  -1.8597828750815074e-02  -7.4544011849231873e-01   0.0000000000000000e+00   0.0000000000000000e+00   2.9627121914131444e-13
  -8.5160010366197270e-01   1.1037078328743590e-02  -1.8015606294846012e-02  -7.4487975150489583e-01   0.0000000000000000e+00   0.0000000000000000e+00   2.9789657916860347e-13
  -8.5163757571421828e-01   1.0709631914011409e-02  -1.7430155488358398e-02  -7.4433631230728525e-01   0.0000000000000000e+00   0.0000000000000000e+00   2.9071909580719695e-13
  -8.5167364118517719e-01   1.0377260421972231e-02  -1.6841577166857264e-02  -7.4380998425535982e-01   0.0000000000000000e+00   0.0000000000000000e+00   2.7555974686264535e-13
  -8.5170830984247281e-01   1.0040090600625972e-02  -1.6249973103344067e-02  -7.4330094635005195e-01   0.0000000000000000e+00   0.0000000000000000e+00   2.5349780501470039e-13
  -8.5174159130689309e-01   9.6982538317529187e-03  -1.5655445984730329e-02  -7.4280937305179329e-01   0.0000000000000000e+00   0.0000000000000000e+00   2.4187553940583637e-13
  -8.5177349503219590e-01   9.3518860481968148e-03  -1.5058099387352666e-02  -7.4233543409684621e-01   0.0000000000000000e+00   0.0000000000000000e+00   2.3942899671290713e-13
  -8.5180403028525187e-01   9.0011276429521822e-03  -1.4458037751597966e-02  -7.4187929431594535e-01   0.0000000000000000e+00   0.0000000000000000e+00   2.2987420685014499e-13
  -8.5183320612656743e-01   8.6461233700956003e-03  -1.3855366355652283e-02  -7.4144111345566333e-01   0.0000000000000000e+00   0.0000000000000000e+00   2.1850071002639704e-13
  -8.5186103139122438e-01   8.2870222376220555e-03  -1.3250191288385824e-02  -7.4102104600292262e-01   0.0000000000000000e+00   0.0000000000000000e+00   2.0590181094383762e-13
  -8.5188751467027801e-01   7.9239773922736394e-03  -1.2642619421389915e-02  -7.4061924101306753e-01   0.0000000000000000e+00   0.0000000000000000e+00   1.8818627091283026e-13
  -8.5191266429265111e-01   7.5571459964732428e-03  -1.2032758380185653e-02  -7.4023584194191960e-01   0.0000000000000000e+00   0.0000000000000000e+00   1.6654447345182569e-13
  -8.5193648830756352e-01   7.1866890974988671e-03  -1.1420716514622214e-02  -7.3987098648222760e-01   0.0000000000000000e+00   0.0000000000000000e+00   1.6058702238952063e-13
  -8.5195899446753343e-01   6.8127714890611792e-03  -1.0806602868488172e-02  -7.3952480640492013e-01   0.0000000000000000e+00   0.0000000000000000e+00   1.5114982804214834e-13
  -8.5198019021198845e-01   6.4355615654710660e-03  -1.0190527148360199e-02  -7.3919742740556749e-01   0.0000000000000000e+00   0.0000000000000000e+00   1.3750570569589287e-13
  -8.5200008265152161e-01   6.0552311686081200e-03  -9.5725996917144247e-03  -7.3888896895644729e-01   0.0000000000000000e+00   0.0000000000000000e+00   1.2075281703034167e-13
  -8.5201867855282731e-01   5.6719554279259857e-03  -8.9529314343286780e-03  -7.3859954416459650e-01   0.0000000000000000e+00   0.0000000000000000e+00   1.0203053556806286e-13
  -8.5203598432435135e-01   5.2859125937548554e-03  -8.3316338770066806e-03  -7.3832925963622842e-01   0.0000000000000000e+00   0.0000000000000000e+00   8.2461036372436694e-14
  -8.5205200600268560e-01   4.8972838641830295e-03  -7.7088190516543731e-03  -7.3807821534787454e-01   0.0000000000000000e+00   0.0000000000000000e+00   6.9745069028579513e-14
  -8.5206674923974124e-01   4.5062532058241615e-03  -7.0845994867434394e-03  -7.3784650452459766e-01   0.0000000000000000e+00   0.0000000000000000e+00   6.5599971472772360e-14
  -8.5208021929072575e-01   4.1130071687967562e-03  -6.4590881721962460e-03  -7.3763421352560887e-01   0.0000000000000000e+00   0.0000000000000000e+00   5.8769091509234849e-14
  -8.5209242100295557e-01   3.7177346962643121e-03  -5.8323985237293905e-03  -7.3744142173760119e-01   0.0000000000000000e+00   0.0000000000000000e+00   5.0107858093650905e-14
  -8.5210335880552723e-01   3.3206269289044171e-03  -5.2046443466949371e-03  -7.3726820147609762e-01   0.0000000000000000e+00   0.0000000000000000e+00   4.0482746365326035e-14
  -8.5211303669987215e-01   2.9218770046924233e-03  -4.5759397994577754e-03  -7.3711461789508403e-01   0.0000000000000000e+00   0.0000000000000000e+00   3.1143680679729825e-14
  -8.5212145825121755e-01   2.5216798544044619e-03  -3.9463993563518558e-03  -7.3698072890518485e-01   0.0000000000000000e+00   0.0000000000000000e+00   2.6878566795029798e-14
  -8.5212862658097277e-01   2.1202319932585247e-03  -3.3161377702560758e-03  -7.3686658510061054e-01   0.0000000000000000e+00   0.0000000000000000e+00   2.2488236459674724e-14
  -8.5213454436005998e-01   1.7177313091288580e-03  -2.6852700348350164e-03  -7.3677222969508460e-01   0.0000000000000000e+00   0.0000000000000000e+00   1.8126659277376261e-14
  -8.5213921380320368e-01   1.3143768477793319e-03  -2.0539113464867489e-03  -7.3669769846693212e-01   0.0000000000000000e+00   0.0000000000000000e+00   1.3614184894823068e-14
  -8.5214263666419410e-01   9.1036859557573917e-04  -1.4221770660455542e-03  -7.3664301971348756e-01   0.0000000000000000e+00   0.0000000000000000e+00   9.5772137606658572e-15
  -8.5214481423213484e-01   5.0590726014339933e-04  -7.9018268028315853e-04  -7.3660821421495448e-01   0.0000000000000000e+00   0.0000000000000000e+00   6.5392821888230018e-15
  -8.5214574732868364e-01   1.0119404944700618e-04  -1.5804376325693334e-04  -7.3659329520781758e-01   0.0000000000000000e+00   0.0000000000000000e+00   4.8870559815879148e-15
  -8.5214543630629414e-01  -3.0356955022631238e-04   4.7412406244912381e-04  -7.3659826836788733e-01   0.0000000000000000e+00   0.0000000000000000e+00   5.5218900296786578e-15
  -8.5214388104746075e-01  -7.0818199689446943e-04   1.1062051645428553e-03  -7.3662313180302519e-01   0.0000000000000000e+00   0.0000000000000000e+00   7.9056518988310942e-15
  -8.5214108096497077e-01  -1.1124419156298335e-03   1.7380839398538391e-03  -7.3666787605556738e-01   0.0000000000000000e+00   0.0000000000000000e+00   1.1500691628379517e-14
  -8.5213703500316096e-01  -1.5161483209425188e-03   2.3696448531283069e-03  -7.3673248411444781e-01   0.0000000000000000e+00   0.0000000000000000e+00   1.5848175105214639e-14
  -8.5213174164017713e-01  -1.9191008383092950e-03   3.0007724757401908e-03  -7.3681693143697413e-01   0.0000000000000000e+00   0.0000000000000000e+00   2.0368394434458550e-14
  -8.5212519889123139e-01  -2.3210999243648825e-03   3.6313515242724719e-03  -7.3692118598020562e-01   0.0000000000000000e+00   0.0000000000000000e+00   2.4398554935439756e-14
  -8.5211740431284688e-01  -2.7219470852759332e-03   4.2612668989208688e-03  -7.3704520824183328e-01   0.0000000000000000e+00   0.0000000000000000e+00   2.9164575233241414e-14
  -8.5210835500808402e-01  -3.1214450928262871e-03   4.8904037216745142e-03  -7.3718895131044970e-01   0.0000000000000000e+00   0.0000000000000000e+00   3.5569803721162539e-14
  -8.5209804763273123e-01  -3.5193981977494218e-03   5.5186473742268585e-03  -7.3735236092506273e-01   0.0000000000000000e+00   0.0000000000000000e+00   4.5362628985497652e-14
  -8.5208647840244933e-01  -3.9156123398561568e-03   6.1458835355733205e-03  -7.3753537554368165e-01   0.0000000000000000e+00   0.0000000000000000e+00   5.4612756579440072e-14
  -8.5207364310084976e-01  -4.3098953545157616e-03   6.7719982192502694e-03  -7.3773792642078462e-01   0.0000000000000000e+00   0.0000000000000000e+00   6.2467668476694169e-14
  -8.5205953708848980e-01  -4.7020571750641827e-03   7.3968778101735234e-03  -7.3795993769344403e-01   0.0000000000000000e+00   0.0000000000000000e+00   6.8059826834655198e-14
  -8.5204415531276190e-01  -5.0919100307271967e-03   8.0204091010342999e-03  -7.3820132647586822e-01   0.0000000000000000e+00   0.0000000000000000e+00   7.2690921014534752e-14
  -8.5202749231865560e-01  -5.4792686396627826e-03   8.6424793282114457e-03  -7.3846200296209819e-01   0.0000000000000000e+00   0.0000000000000000e+00   9.2283762176982247e-14
  -8.5200954226036540e-01  -5.8639503967462675e-03   9.2629762071621703e-03  -7.3874187053656815e-01   0.0000000000000000e+00   0.0000000000000000e+00   1.1156664380381593e-13
  -8.5199029891372002e-01  -6.2457755557389473e-03   9.8817879672519204e-03  -7.3904082589223241e-01   0.0000000000000000e+00   0.0000000000000000e+00   1.2944691762733151e-13
  -8.5196975568940125e-01  -6.6245674055035531e-03   1.0498803385989266e-02  -7.3935875915593008e-01   0.0000000000000000e+00   0.0000000000000000e+00   1.4478665944996786e-13
  -8.5194790564692624e-01  -7.0001524399487952e-03   1.1113911822629332e-02  -7.3969555402064924e-01   0.0000000000000000e+00   0.0000000000000000e+00   1.5645969407681636e-13
  -8.5192474150935849e-01  -7.3723605214095862e-03   1.1727003251114801e-02  -7.4005108788434015e-01   0.0000000000000000e+00   0.0000000000000000e+00   1.6341067195447557e-13
  -8.5190025567871575e-01  -7.7410250371908818e-03   1.2337968292322360e-02  -7.4042523199490151e-01   0.0000000000000000e+00   0.0000000000000000e+00   1.7777834010976531e-13
  -8.5187444025204162e-01  -8.1059830490276871e-03   1.2946698245586190e-02  -7.4081785160096747e-01   0.0000000000000000e+00   0.0000000000000000e+00   1.9761155649844084e-13
  -8.5184728703810331e-01  -8.4670754352375172e-03   1.3553085119471325e-02  -7.4122880610810016e-01   0.0000000000000000e+00   0.0000000000000000e+00   2.1291087904397020e-13
  -8.5181878757468088e-01  -8.8241470253660626e-03   1.4157021661771357e-02  -7.4165794923998807e-01   0.0000000000000000e+00   0.0000000000000000e+00   2.2272918083356922e-13
  -8.5178893314641091e-01  -9.1770467271521383e-03   1.4758401388708143e-02  -7.4210512920424643e-01   0.0000000000000000e+00   0.0000000000000000e+00   2.3548379861471334e-13
  -8.5175771480314444e-01  -9.5256276456615763e-03   1.5357118613310544e-02  -7.4257018886240389e-01   0.0000000000000000e+00   0.0000000000000000e+00   2.4159354971140667e-13
  -8.5172512337878337e-01  -9.8697471944676884e-03   1.5953068472956591e-02  -7.4305296590366476e-01   0.0000000000000000e+00   0.0000000000000000e+00   2.4027288073016030e-13
  -8.5169114951055402e-01  -1.0209267198776191e-02   1.6546146956057415e-02  -7.4355329302202111e-01   0.0000000000000000e+00   0.0000000000000000e+00   2.6531550501947186e-13
  -8.5165578365867944e-01  -1.0544053990422617e-02   1.7136250927872444e-02  -7.4407099809630184e-01   0.0000000000000000e+00   0.0000000000000000e+00   2.8407515035765799e-13
  -8.5161901612641000e-01  -1.0873978494690415e-02   1.7723278155440801e-02  -7.4460590437273866e-01   0.0000000000000000e+00   0.0000000000000000e+00   2.9536351991225710e-13
  -8.5158083708037269e-01  -1.1198916308923106e-02   1.8307127331617101e-02  -7.4515783064963137e-01   0.0000000000000000e+00   0.0000000000000000e+00   2.9822416030562635e-13
  -8.5154123657119885e-01  -1.1518747772929706e-02   1.8887698098206299e-02  -7.4572659146370235e-01   0.0000000000000000e+00   0.0000000000000000e+00   2.9198293089360856e-13
  -8.5150020455439079e-01  -1.1833358031201476e-02   1.9464891068187436e-02  -7.4631199727773168e-01   0.0000000000000000e+00   0.0000000000000000e+00   2.7628757737890615e-13
  -8.5145773091138754e-01  -1.2142637086983335e-02   2.0038607847023059e-02  -7.4691385466907401e-01   0.0000000000000000e+00   0.0000000000000000e+00   3.0199555067544157e-13
  -8.5141380547078960e-01  -1.2446479848264316e-02   2.0608751053052578e-02  -7.4753196651866194e-01   0.0000000000000000e+00   0.0000000000000000e+00   3.3799751357356977e-13
  -8.5136841802970498e-01  -1.2744786165770006e-02   2.1175224336966135e-02  -7.4816613220011374e-01   0.0000000000000000e+00   0.0000000000000000e+00   3.6615678925062022e-13
  -8.5132155837517709e-01  -1.3037460863062587e-02   2.1737932400362515e-02  -7.4881614776856975e-01   0.0000000000000000e+00   0.0000000000000000e+00   3.8520339695416625e-13
  -8.5127321630565700e-01  -1.3324413758870628e-02   2.2296781013392886e-02  -7.4948180614889626e-01   0.0000000000000000e+00   0.0000000000000000e+00   3.9416115673295036e-13
  -8.5122338165248279e-01  -1.3605559681788653e-02   2.2851677031493933e-02  -7.5016289732290331e-01   0.0000000000000000e+00   0.0000000000000000e+00   3.9239291681847266e-13
  -8.5117204430132998e-01  -1.3880818477505299e-02   2.3402528411219141e-02  -7.5085920851523880e-01   0.0000000000000000e+00   0.0000000000000000e+00   3.7963247099914991e-13
  -8.5111919421359727e-01  -1.4150115008730930e-02   2.3949244225173218e-02  -7.5157052437763461e-01   0.0000000000000000e+00   0.0000000000000000e+00   3.9745534541473672e-13
  -8.5106482144769280e-01  -1.4413379148013399e-02   2.4491734676061517e-02  -7.5229662717119283e-01   0.0000000000000000e+00   0.0000000000000000e+00   4.1349404385070005e-13
  -8.5100891618018781e-01  -1.4670545763641804e-02   2.5029911109864092e-02  -7.5303729694641708e-01   0.0000000000000000e+00   0.0000000000000000e+00   4.2287696250989969e-13
  -8.5095146872680516e-01  -1.4921554698850634e-02   2.5563686028146276e-02  -7.5379231172070560e-01   0.0000000000000000e+00   0.0000000000000000e+00   4.3404331013843715e-13
  -8.5089246956321096e-01  -1.5166350744548730e-02   2.6092973099521303e-02  -7.5456144765304523e-01   0.0000000000000000e+00   0.0000000000000000e+00   4.3389755656838255e-13
  -8.5083190934557973e-01  -1.5404883605805336e-02   2.6617687170277016e-02  -7.5534447921565140e-01   0.0000000000000000e+00   0.0000000000000000e+00   4.2233920856735138e-13
  -8.5076977893090344e-01  -1.5637107862336630e-02   2.7137744274186196e-02  -7.5614117936232694e-01   0.0000000000000000e+00   0.0000000000000000e+00   4.0186117806423387e-13
  -8.5070606939701743e-01  -1.5862982923240409e-02   2.7653061641513401e-02  -7.5695131969331997e-01   0.0000000000000000e+00   0.0000000000000000e+00   4.1841753723743189e-13
  -8.5064077206231614e-01  -1.6082472976236849e-02   2.8163557707240668e-02  -7.5777467061648007e-01   0.0000000000000000e+00   0.0000000000000000e+00   4.2368555139247510e-13
  -8.5057387850513388e-01  -1.6295546931674801e-02   2.8669152118527823e-02  -7.5861100150453176e-01   0.0000000000000000e+00   0.0000000000000000e+00   4.1754114757983383e-13
  -8.5050538058276681e-01  -1.6502178361569649e-02   2.9169765741428880e-02  -7.5946008084829664e-01   0.0000000000000000e+00   0.0000000000000000e+00   4.0025361895912953e-13
  -8.5043527045011358e-01  -1.6702345433940759e-02   2.9665320666884452e-02  -7.6032167640571346e-01   0.0000000000000000e+00   0.0000000000000000e+00   3.7247286025228513e-13
  -8.5036354057791408e-01  -1.6896030842719442e-02   3.0155740216012038e-02  -7.6119555534652317e-01   0.0000000000000000e+00   0.0000000000000000e+00   3.3520167031422215e-13
  -8.5029018377056509e-01  -1.7083221733498077e-02   3.0640948944714898e-02  -7.6208148439249768e-01   0.0000000000000000e+00   0.0000000000000000e+00   3.4111683081733744e-13
  -8.5021519318349703e-01  -1.7263909625392846e-02   3.1120872647632483e-02  -7.6297922995311029e-01   0.0000000000000000e+00   0.0000000000000000e+00   3.6377094519807626e-13
  -8.5013856234009200e-01  -1.7438090329291122e-02   3.1595438361456313e-02  -7.6388855825656410e-01   0.0000000000000000e+00   0.0000000000000000e+00   3.7568165598099274e-13
  -8.5006028514812992e-01  -1.7605763862751818e-02   3.2064574367631146e-02  -7.6480923547609725e-01   0.0000000000000000e+00   0.0000000000000000e+00   3.7678803096913904e-13
  -8.4998035591574639e-01  -1.7766934361827122e-02   3.2528210194468700e-02  -7.6574102785151532e-01   0.0000000000000000e+00   0.0000000000000000e+00   3.6740225417312893e-13
  -8.4989876936689124e-01  -1.7921609990068324e-02   3.2986276618694209e-02  -7.6668370180590062e-01   0.0000000000000000e+00   0.0000000000000000e+00   3.4818887472076567e-13
  -8.4981552065627453e-01  -1.8069802844976758e-02   3.3438705666452344e-02  -7.6763702405747170e-01   0.0000000000000000e+00   0.0000000000000000e+00   3.2013064872985841e-13
  -8.4973060538379042e-01  -1.8211528862154120e-02   3.3885430613792990e-02  -7.6860076172657166e-01   0.0000000000000000e+00   0.0000000000000000e+00   3.2012620032035760e-13
  -8.4964401960841029e-01  -1.8346807717404396e-02   3.4326385986664466e-02  -7.6957468243778249e-01   0.0000000000000000e+00   0.0000000000000000e+00   3.1814049539610429e-13
  -8.4955575986153520e-01  -1.8475662727030401e-02   3.4761507560434363e-02  -7.7055855441717136e-01   0.0000000000000000e+00   0.0000000000000000e+00   3.1711021407103921e-13
  -8.4946582315980368e-01  -1.8598120746564906e-02   3.5190732358964041e-02  -7.7155214658468729e-01   0.0000000000000000e+00   0.0000000000000000e+00   3.1142374041981219e-13
  -8.4937420701734745e-01  -1.8714212068168375e-02   3.5613998653259350e-02  -7.7255522864173365e-01   0.0000000000000000e+00   0.0000000000000000e+00   2.9716258753423964e-13
  -8.4928090945749113e-01  -1.8823970316917616e-02   3.6031245959720334e-02  -7.7356757115396058e-01   0.0000000000000000e+00   0.0000000000000000e+00   2.7528546240909388e-13
  -8.4918592902389245e-01  -1.8927432346204455e-02   3.6442415038014361e-02  -7.7458894562932079e-01   0.0000000000000000e+00   0.0000000000000000e+00   2.6931038759684578e-13
  -8.4908926479112123e-01  -1.9024638132453725e-02   3.6847447888593475e-02  -7.7561912459144722e-01   0.0000000000000000e+00   0.0000000000000000e+00   2.6607182185901411e-13
  -8.4899091637467550e-01  -1.9115630669363545e-02   3.7246287749880064e-02  -7.7665788164841920e-01   0.0000000000000000e+00   0.0000000000000000e+00   2.5505866152306235e-13
  -8.4889088394043422e-01  -1.9200455861861719e-02   3.7638879095141457e-02  -7.7770499155698913e-01   0.0000000000000000e+00   0.0000000000000000e+00   2.3717242806210194e-13
  -8.4878916821354711e-01  -1.9279162419964954e-02   3.8025167629076213e-02  -7.7876023028234809e-01   0.0000000000000000e+00   0.0000000000000000e+00   2.1350907849190927e-13
  -8.4868577048676408e-01  -1.9351801752717709e-02   3.8405100284131674e-02  -7.7982337505352051e-01   0.0000000000000000e+00   0.0000000000000000e+00   1.8530622744402527e-13
  -8.4858069262820546e-01  -1.9418427862380804e-02   3.8778625216575081e-02  -7.8089420441447721e-01   0.0000000000000000e+00   0.0000000000000000e+00   1.7262262034259728e-13
  -8.4847393708857610e-01  -1.9479097239029648e-02   3.9145691802336881e-02  -7.8197249827106585e-01   0.0000000000000000e+00   0.0000000000000000e+00   1.7812805149153299e-13
  -8.4836550690782853e-01  -1.9533868755714952e-02   3.9506250632647094e-02  -7.8305803793386153e-01   0.0000000000000000e+00   0.0000000000000000e+00   1.7712452724657521e-13
  -8.4825540572127789e-01  -1.9582803564328830e-02   3.9860253509482364e-02  -7.8415060615704424e-01   0.0000000000000000e+00   0.0000000000000000e+00   1.7022200176169735e-13
  -8.4814363776517565e-01  -1.9625964992312145e-02   4.0207653440843760e-02  -7.8524998717341310e-01   0.0000000000000000e+00   0.0000000000000000e+00   1.5820911516881790e-13
  -8.4803020788174632e-01  -1.9663418440329039e-02   4.0548404635881670e-02  -7.8635596672565233e-01   0.0000000000000000e+00   0.0000000000000000e+00   1.4200917470896114e-13
  -8.4791512152369497e-01  -1.9695231281027369e-02   4.0882462499885613e-02  -7.8746833209396505e-01   0.0000000000000000e+00   0.0000000000000000e+00   1.2491206802342816e-13
  -8.4779838475819103e-01  -1.9721472758995776e-02   4.1209783629156824e-02  -7.8858687212019274e-01   0.0000000000000000e+00   0.0000000000000000e+00   1.2128798824015457e-13
  -8.4768000427033763e-01  -1.9742213892018381e-02   4.1530325805777445e-02  -7.8971137722854190e-01   0.0000000000000000e+00   0.0000000000000000e+00   1.1521175879690862e-13
  -8.4755998736613258e-01  -1.9757527373722054e-02   4.1844047992293333e-02  -7.9084163944304220e-01   0.0000000000000000e+00   0.0000000000000000e+00   1.1005513140400905e-13
  -8.4743834197492995e-01  -1.9767487477702659e-02   4.2150910326325140e-02  -7.9197745240185524e-01   0.0000000000000000e+00   0.0000000000000000e+00   1.0131478805268550e-13
  -8.4731507665141237e-01  -1.9772169963209227e-02   4.2450874115121148e-02  -7.9311861136855966e-01   0.0000000000000000e+00   0.0000000000000000e+00   8.9752957584129046e-14
  -8.4719020057707928e-01  -1.9771651982457120e-02   4.2743901830065711e-02  -7.9426491324053894e-01   0.0000000000000000e+00   0.0000000000000000e+00   8.7733814155768402e-14
  -8.4706372356126547e-01  -1.9766011989635870e-02   4.3029957101157111e-02  -7.9541615655459252e-01   0.0000000000000000e+00   0.0000000000000000e+00   8.2964582643583147e-14
  -8.4693565604169474e-01  -1.9755329651668183e-02   4.3309004711465510e-02  -7.9657214148989586e-01   0.0000000000000000e+00   0.0000000000000000e+00   7.5389549208123059e-14
  -8.4680600908458215e-01  -1.9739685760771519e-02   4.3581010591583397e-02  -7.9773266986843328e-01   0.0000000000000000e+00   0.0000000000000000e+00   6.5686558407590328e-14
  -8.4667479438429194e-01  -1.9719162148867320e-02   4.3845941814080615e-02  -7.9889754515302491e-01   0.0000000000000000e+00   0.0000000000000000e+00   5.4554311844573587e-14
  -8.4654202426256409e-01  -1.9693841603875654e-02   4.4103766587972416e-02  -8.0006657244306811e-01   0.0000000000000000e+00   0.0000000000000000e+00   4.9729603767623509e-14
  -8.4640771166731676e-01  -1.9663807787927826e-02   4.4354454253211578e-02  -8.0123955846811856e-01   0.0000000000000000e+00   0.0000000000000000e+00   4.9890106634661692e-14
  -8.4627187017103811e-01  -1.9629145157525171e-02   4.4597975275214412e-02  -8.0241631157941906e-01   0.0000000000000000e+00   0.0000000000000000e+00   4.7681617858949844e-14
  -8.4613451396877537e-01  -1.9589938885663405e-02   4.4834301239427325e-02  -8.0359664173950474e-01   0.0000000000000000e+00   0.0000000000000000e+00   4.3544632263163880e-14
  -8.4599565787573394e-01  -1.9546274785941040e-02   4.5063404845944018e-02  -8.0478036050999102e-01   0.0000000000000000e+00   0.0000000000000000e+00   3.7959992055461136e-14
  -8.4585531732449526e-01  -1.9498239238662368e-02   4.5285259904180086e-02  -8.0596728103765947e-01   0.0000000000000000e+00   0.0000000000000000e+00   3.2455871676949311e-14
  -8.4571350836186465e-01  -1.9445919118941904e-02   4.5499841327610993e-02  -8.0715721803895257e-01   0.0000000000000000e+00   0.0000000000000000e+00   3.0582723223244471e-14
  -8.4557024764536115e-01  -1.9389401726813645e-02   4.5707125128582098e-02  -8.0834998778298683e-01   0.0000000000000000e+00   0.0000000000000000e+00   2.8091777384458546e-14
  -8.4542555243935713e-01  -1.9328774719342943e-02   4.5907088413193992e-02  -8.0954540807318476e-01   0.0000000000000000e+00   0.0000000000000000e+00   2.5683648540593861e-14
  -8.4527944061088078e-01  -1.9264126044736051e-02   4.6099709376270392e-02  -8.1074329822763536e-01   0.0000000000000000e+00   0.0000000000000000e+00   2.2318404428328708e-14
  -8.4513193062509040e-01  -1.9195543878438477e-02   4.6284967296413369e-02  -8.1194347905828024e-01   0.0000000000000000e+00   0.0000000000000000e+00   2.0862557205593055e-14
  -8.4498304154043147e-01  -1.9123116561209276e-02   4.6462842531148546e-02  -8.1314577284902356e-01   0.0000000000000000e+00   0.0000000000000000e+00   1.9180211019871892e-14
  -8.4483279300348624e-01  -1.9046932539156698e-02   4.6633316512166789e-02  -8.1435000333286234e-01   0.0000000000000000e+00   0.0000000000000000e+00   1.6671716492777079e-14
  -8.4468120524352730e-01  -1.8967080305716144e-02   4.6796371740663513e-02  -8.1555599566812786e-01   0.0000000000000000e+00   0.0000000000000000e+00   1.3632229788896756e-14
  -8.4452829906678295e-01  -1.8883648345549488e-02   4.6951991782779777e-02  -8.1676357641392983e-01   0.0000000000000000e+00   0.0000000000000000e+00   1.0346674159797585e-14
  -8.4437409585042644e-01  -1.8796725080342823e-02   4.7100161265148391e-02  -8.1797257350488983e-01   0.0000000000000000e+00   0.0000000000000000e+00   1.0022542932895037e-14
  -8.4421861753629734e-01  -1.8706398816475792e-02   4.7240865870545178e-02  -8.1918281622524813e-01   0.0000000000000000e+00   0.0000000000000000e+00   9.1579812094682931e-15
  -8.4406188662436588e-01  -1.8612757694535666e-02   4.7374092333648976e-02  -8.2039413518242355e-01   0.0000000000000000e+00   0.0000000000000000e+00   7.7431503482442350e-15
  -8.4390392616594789e-01  -1.8515889640645697e-02   4.7499828436911432e-02  -8.2160636228011030e-01   0.0000000000000000e+00   0.0000000000000000e+00   5.9801842539764744e-15
  -8.4374475975668162e-01  -1.8415882319576742e-02   4.7618063006536725e-02  -8.2281933069098057e-01   0.0000000000000000e+00   0.0000000000000000e+00   4.7077681604159560e-15
  -8.4358441152927399e-01  -1.8312823089608896e-02   4.7728785908572775e-02  -8.2403287482907195e-01   0.0000000000000000e+00   0.0000000000000000e+00   4.0625324982759821e-15
  -8.4342290614602600e-01  -1.8206798959108934e-02   4.7831988045113995e-02  -8.2524683032192814e-01   0.0000000000000000e+00   0.0000000000000000e+00   3.5392243904471445e-15
  -8.4326026879114546e-01  -1.8097896544788137e-02   4.7927661350615276e-02  -8.2646103398255899e-01   0.0000000000000000e+00   0.0000000000000000e+00   3.4157663527700205e-15
  -8.4309652516285560e-01  -1.7986202031603737e-02   4.8015798788317181e-02  -8.2767532378128861e-01   0.0000000000000000e+00   0.0000000000000000e+00   2.9043078292603613e-15
  -8.4293170146530849e-01  -1.7871801134267073e-02   4.8096394346781951e-02  -8.2888953881755079e-01   0.0000000000000000e+00   0.0000000000000000e+00   2.6946564402259161e-15
  -8.4276582440031012e-01  -1.7754779060319439e-02   4.8169443036538251e-02  -8.3010351929169379e-01   0.0000000000000000e+00   0.0000000000000000e+00   2.9771272062233931e-15
  -8.4259892115886659e-01  -1.7635220474737905e-02   4.8234940886835199e-02  -8.3131710647685153e-01   0.0000000000000000e+00   0.0000000000000000e+00   2.9125041111725336e-15
  -8.4243101941255716e-01  -1.7513209466031111e-02   4.8292884942502758e-02  -8.3253014269093606e-01   0.0000000000000000e+00   0.0000000000000000e+00   2.8720380013655131e-15
  -8.4226214730474369e-01  -1.7388829513785529e-02   4.8343273260916753e-02  -8.3374247126880330e-01   0.0000000000000000e+00   0.0000000000000000e+00   2.8831742548200682e-15
  -8.4209233344162238e-01  -1.7262163457622930e-02   4.8386104909068473e-02  -8.3495393653464500e-01   0.0000000000000000e+00   0.0000000000000000e+00   2.7174388930417258e-15
  -8.4192160688312478e-01  -1.7133293467528198e-02   4.8421379960733701e-02  -8.3616438377465185e-01   0.0000000000000000e+00   0.0000000000000000e+00   2.4893959783937665e-15
  -8.4174999713367571e-01  -1.7002301015508148e-02   4.8449099493740953e-02  -8.3737365920999396e-01   0.0000000000000000e+00   0.0000000000000000e+00   2.0981399934245081e-15
  -8.4157753413281489e-01  -1.6869266848541099e-02   4.8469265587335976e-02  -8.3858160997016717e-01   0.0000000000000000e+00   0.0000000000000000e+00   1.8085441852614021e-15
  -8.4140424824568705e-01  -1.6734270962777326e-02   4.8481881319638508e-02  -8.3978808406673822e-01   0.0000000000000000e+00   0.0000000000000000e+00   1.4174848704900177e-15
  -8.4123017025340863e-01  -1.6597392578950862e-02   4.8486950765189690e-02  -8.4099293036753719e-01   0.0000000000000000e+00   0.0000000000000000e+00   9.2877578331963915e-16
  -8.4105533134331645e-01  -1.6458710118963549e-02   4.8484478992586462e-02  -8.4219599857132776e-01   0.0000000000000000e+00   0.0000000000000000e+00   4.1759942982164863e-16
  -8.4087976309910362e-01  -1.6318301183601683e-02   4.8474472062198445e-02  -8.4339713918299641e-01   0.0000000000000000e+00   0.0000000000000000e+00   2.5857518637340115e-16
