564 6
   4.4746482702364938e+03  -4.5672354074551004e+03  -1.5089229088660623e+01  -1.0463873687559537e+06   0.0000000000000000e+00   0.0000000000000000e+00   1.1476385254357052e+06
   4.4746483024856752e+03  -4.5672353752117406e+03  -1.5089218577491280e+01  -1.0463873687559691e+06   0.0000000000000000e+00   0.0000000000000000e+00   1.1476385254239170e+06
   4.4746483669806848e+03  -4.5672353107164245e+03  -1.5089197556772728e+01  -1.0463873687559575e+06   0.0000000000000000e+00   0.0000000000000000e+00   1.1476385254003129e+06
   4.4746484959637191e+03  -4.5672351817333047e+03  -1.5089155514699481e+01  -1.0463873687560835e+06   0.0000000000000000e+00   0.0000000000000000e+00   1.1476385253532301e+06
   4.4746487539382342e+03  -4.5672349237577164e+03  -1.5089071428858965e+01  -1.0463873687560703e+06   0.0000000000000000e+00   0.0000000000000000e+00   1.1476385252588207e+06
   4.4746492698828552e+03  -4.5672344078147980e+03  -1.5088903258461036e+01  -1.0463873687560594e+06   0.0000000000000000e+00   0.0000000000000000e+00   1.1476385250700258e+06
   4.4746503017785753e+03  -4.5672333759267240e+03  -1.5088566917803801e+01  -1.0463873687560378e+06   0.0000000000000000e+00   0.0000000000000000e+00   1.1476385246924325e+06
   4.4746523655568044e+03  -4.5672313121524430e+03  -1.5087894236071229e+01  -1.0463873687562798e+06   0.0000000000000000e+00   0.0000000000000000e+00   1.1476385239374973e+06
   4.4746564931265639e+03  -4.5672271846064314e+03  -1.5086548873505770e+01  -1.0463873687564671e+06   0.0000000000000000e+00   0.0000000000000000e+00   1.1476385224273829e+06
   4.4746647482584995e+03  -4.5672189295096487e+03  -1.5083858147460838e+01  -1.0463873687568498e+06   0.0000000000000000e+00   0.0000000000000000e+00   1.1476385194071508e+06
   4.4746812585202679e+03  -4.5672024192998397e+03  -1.5078476695926936e+01  -1.0463873687575919e+06   0.0000000000000000e+00   0.0000000000000000e+00   1.1476385133666485e+06
   4.4747142790505250e+03  -4.5671693988998131e+03  -1.5067713791078020e+01  -1.0463873687591414e+06   0.0000000000000000e+00   0.0000000000000000e+00   1.1476385012857085e+06
   4.4747803201014822e+03  -4.5671033580998919e+03  -1.5046187982687364e+01  -1.0463873687618482e+06   0.0000000000000000e+00   0.0000000000000000e+00   1.1476384771233457e+06
   4.4749124022187661e+03  -4.5669712765039922e+03  -1.5003136365905705e+01  -1.0463873687682137e+06   0.0000000000000000e+00   0.0000000000000000e+00   1.1476384287997463e+06
   4.4751765664337017e+03  -4.5667071132973806e+03  -1.4917033132701517e+01  -1.0463873687803489e+06   0.0000000000000000e+00   0.0000000000000000e+00   1.1476383321518940e+06
   4.4757048948568554e+03  -4.5661787868795664e+03  -1.4744826666475859e+01  -1.0463873688043470e+06   0.0000000000000000e+00   0.0000000000000000e+00   1.1476381388559972e+06
   4.4767615516775768e+03  -4.5651221340016109e+03  -1.4400413732931506e+01  -1.0463873688514463e+06   0.0000000000000000e+00   0.0000000000000000e+00   1.1476377522636033e+06
   4.4788748651832138e+03  -4.5630088281222797e+03  -1.3711587867379446e+01  -1.0463873689427784e+06   0.0000000000000000e+00   0.0000000000000000e+00   1.1476369790772540e+06
   4.4831014916344520e+03  -4.5587822157879264e+03  -1.2333936135698549e+01  -1.0463873691116086e+06   0.0000000000000000e+00   0.0000000000000000e+00   1.1476354326955287e+06
   4.4915547423043836e+03  -4.5503289888774798e+03  -9.5786326699299860e+00  -1.0463873693962331e+06   0.0000000000000000e+00   0.0000000000000000e+00   1.1476323398988682e+06
   4.5084612346930071e+03  -4.5334225260664816e+03  -4.0680257316754052e+00  -1.0463873697500664e+06   0.0000000000000000e+00   0.0000000000000000e+00   1.1476261541686484e+06
   4.5422741836614896e+03  -4.4996095645945679e+03   6.9531881490260092e+00  -1.0463873696003215e+06   0.0000000000000000e+00   0.0000000000000000e+00   1.1476293928723128e+06
   4.6098999378182343e+03  -4.4319834986742480e+03   2.8995615805516358e+01  -1.0463873658689650e+06   0.0000000000000000e+00   0.0000000000000000e+00   1.1476541343263220e+06
   4.6775254993166700e+03  -4.3643572430824461e+03   5.1038043077155471e+01  -1.0463873575616338e+06   0.0000000000000000e+00   0.0000000000000000e+00   1.1476788728831382e+06
   4.7451508670162302e+03  -4.2967307989595029e+03   7.3080469671481964e+01  -1.0463873446782489e+06   0.0000000000000000e+00   0.0000000000000000e+00   1.1477036085422249e+06
   4.8127760397922611e+03  -4.2291041674392000e+03   9.5122895294614338e+01  -1.0463873272189022e+06   0.0000000000000000e+00   0.0000000000000000e+00   1.1477283413035099e+06
   4.9480257960306144e+03  -4.0938503467518376e+03   1.3920774246100416e+02  -1.0463872785725277e+06   0.0000000000000000e+00   0.0000000000000000e+00   1.1477777981313951e+06
   5.2185229194136209e+03  -3.8233405065421039e+03   2.2737741227765576e+02  -1.0463871263685715e+06   0.0000000000000000e+00   0.0000000000000000e+00   1.1478766769989934e+06
   5.4890167968219412e+03  -3.5528277951415184e+03   3.1554703379607213e+02  -1.0463869009492347e+06   0.0000000000000000e+00   0.0000000000000000e+00   1.1479755094648493e+06
   5.7595073555972740e+03  -3.2823122852288025e+03   4.0371658829131258e+02  -1.0463866023150604e+06   0.0000000000000000e+00   0.0000000000000000e+00   1.1480742955090562e+06
   6.3004782266996872e+03  -2.7412731606069342e+03   5.8005542129743867e+02  -1.0463857854023692e+06   0.0000000000000000e+00   0.0000000000000000e+00   1.1482717282505049e+06
   6.8414349516371203e+03  -2.2002237142248546e+03   7.5639376147477276e+02  -1.0463846756320545e+06   0.0000000000000000e+00   0.0000000000000000e+00   1.1484689750606734e+06
   7.3823769494244098e+03  -1.6591645276927197e+03   9.3273145900213024e+02  -1.0463832730059685e+06   0.0000000000000000e+00   0.0000000000000000e+00   1.1486660357770955e+06
   7.9233036391428623e+03  -1.1180961827163660e+03   1.1090683640635157e+03  -1.0463815775260865e+06   0.0000000000000000e+00   0.0000000000000000e+00   1.1490655438624241e+06
   8.4642144400038324e+03  -5.7701926105593930e+02   1.2854043268408504e+03  -1.0463795891959337e+06   0.0000000000000000e+00   0.0000000000000000e+00   1.1505004173878264e+06
   9.5459860523619227e+03   5.0515798486183490e+02   1.6380728262968244e+03  -1.0463747339991931e+06   0.0000000000000000e+00   0.0000000000000000e+00   1.1533693990127309e+06
   1.0627687141923549e+04   1.5873625545018235e+03   1.9907357588987220e+03  -1.0463687074489471e+06   0.0000000000000000e+00   0.0000000000000000e+00   1.1562373512972454e+06
   1.1709313065764463e+04   2.6695897912379569e+03   2.3433919262385557e+03  -1.0463615095884146e+06   0.0000000000000000e+00   0.0000000000000000e+00   1.1591042637230931e+06
   1.2790859182554130e+04   3.7518350374707525e+03   2.6960401299787227e+03  -1.0463531404680939e+06   0.0000000000000000e+00   0.0000000000000000e+00   1.1619701257784425e+06
   1.3872320852703055e+04   4.8340936346406588e+03   3.0486791718684008e+03  -1.0463436001459676e+06   0.0000000000000000e+00   0.0000000000000000e+00   1.1648349269581742e+06
   1.4953693438396478e+04   5.9163609232940107e+03   3.4013078537548922e+03  -1.0463328886898916e+06   0.0000000000000000e+00   0.0000000000000000e+00   1.1676986567669106e+06
   1.7116152814274184e+04   8.0809029332103119e+03   4.1065293454831553e+03  -1.0463079526851188e+06   0.0000000000000000e+00   0.0000000000000000e+00   1.1734228603257439e+06
   1.9278200245123917e+04   1.0245423776162797e+04   4.8116950224107741e+03  -1.0462783331545457e+06   0.0000000000000000e+00   0.0000000000000000e+00   1.1791426526447753e+06
   2.1439798697822986e+04   1.2409886150678883e+04   5.5167953041910123e+03  -1.0462440309312211e+06   0.0000000000000000e+00   0.0000000000000000e+00   1.1848579500473293e+06
   2.3600911173043234e+04   1.4574252746643915e+04   6.2218206132964378e+03  -1.0462050469798788e+06   0.0000000000000000e+00   0.0000000000000000e+00   1.1905686689937161e+06
   2.7921530373660342e+04   1.8902549330825062e+04   7.6316080199321523e+03  -1.0461130384072117e+06   0.0000000000000000e+00   0.0000000000000000e+00   1.2019760380648198e+06
   3.2239762597420431e+04   2.3230014946955860e+04   9.0409806941305815e+03  -1.0460023177827676e+06   0.0000000000000000e+00   0.0000000000000000e+00   1.2133640944297912e+06
   3.6555313251816675e+04   2.7556350994926936e+04   1.0449862159147780e+04  -1.0458728975509262e+06   0.0000000000000000e+00   0.0000000000000000e+00   1.2247321751049673e+06
   4.0867888459300499e+04   3.1881258915918999e+04   1.1858176022844173e+04  -1.0457247922538536e+06   0.0000000000000000e+00   0.0000000000000000e+00   1.2360796196824545e+06
   4.5177195114849579e+04   3.6204440251957458e+04   1.3265845990793187e+04  -1.0455580185267171e+06   0.0000000000000000e+00   0.0000000000000000e+00   1.2474057704564703e+06
   4.9482940943160851e+04   4.0525596705424075e+04   1.4672795879342309e+04  -1.0453725950918945e+06   0.0000000000000000e+00   0.0000000000000000e+00   1.2587099725479165e+06
   5.3784834555649373e+04   4.4844430198600923e+04   1.6078949628671870e+04  -1.0451685427554001e+06   0.0000000000000000e+00   0.0000000000000000e+00   1.2699915740314636e+06
   5.8082585506924814e+04   4.9160642933030860e+04   1.7484231315756333e+04  -1.0449458843995583e+06   0.0000000000000000e+00   0.0000000000000000e+00   1.2812499260581734e+06
   6.2375904350996272e+04   5.3473937448881064e+04   1.8888565167333585e+04  -1.0447046449784646e+06   0.0000000000000000e+00   0.0000000000000000e+00   1.2924843829808941e+06
   6.6664502696965064e+04   5.7784016684019065e+04   2.0291875572747977e+04  -1.0444448515086401e+06   0.0000000000000000e+00   0.0000000000000000e+00   1.3036943024736107e+06
   7.0948093264463751e+04   6.2090584033192470e+04   2.1694087096815987e+04  -1.0441665330639670e+06   0.0000000000000000e+00   0.0000000000000000e+00   1.3148790456556003e+06
   7.5226389938428896e+04   6.6393343406767788e+04   2.3095124492557890e+04  -1.0438697207664460e+06   0.0000000000000000e+00   0.0000000000000000e+00   1.3260379772101867e+06
   7.9499107823579907e+04   7.0691999289484389e+04   2.4494912713909420e+04  -1.0435544477780270e+06   0.0000000000000000e+00   0.0000000000000000e+00   1.3371704655040822e+06
   8.3765963298245159e+04   7.4986256798789385e+04   2.5893376928290389e+04  -1.0432207492902102e+06   0.0000000000000000e+00   0.0000000000000000e+00   1.3482758827036866e+06
   8.8026674067897882e+04   7.9275821743172928e+04   2.7290442529218137e+04  -1.0428686625168377e+06   0.0000000000000000e+00   0.0000000000000000e+00   1.3593536048946760e+06
   9.2280959217853786e+04   8.3560400679962680e+04   2.8686035148677565e+04  -1.0424982266807193e+06   0.0000000000000000e+00   0.0000000000000000e+00   1.3704030121932123e+06
   9.6528539265720086e+04   8.7839700973102270e+04   3.0080080669554660e+04  -1.0421094830056175e+06   0.0000000000000000e+00   0.0000000000000000e+00   1.3814234888634933e+06
   1.0076913621315089e+05   9.2113430850450532e+04   3.1472505237899131e+04  -1.0417024747038754e+06   0.0000000000000000e+00   0.0000000000000000e+00   1.3924144234287557e+06
   1.0500247359680699e+05   9.6381299460649112e+04   3.2863235275052539e+04  -1.0412772469630784e+06   0.0000000000000000e+00   0.0000000000000000e+00   1.4033752087803767e+06
   1.0922827653907611e+05   1.0064301692997562e+05   3.4252197489789258e+04  -1.0408338469358722e+06   0.0000000000000000e+00   0.0000000000000000e+00   1.4143052422905355e+06
   1.1344627179806813e+05   1.0489829441860213e+05   3.5639318890307390e+04  -1.0403723237273183e+06   0.0000000000000000e+00   0.0000000000000000e+00   1.4252039259206769e+06
   1.1765618781652143e+05   1.0914684417621208e+05   3.7024526795990576e+04  -1.0398927283779844e+06   0.0000000000000000e+00   0.0000000000000000e+00   1.4360706663231822e+06
   1.2185775477082482e+05   1.1338837959784865e+05   3.8407748849302945e+04  -1.0393951138548038e+06   0.0000000000000000e+00   0.0000000000000000e+00   1.4469048749529668e+06
   1.2605070461860442e+05   1.1762261527859025e+05   3.9788913027313960e+04  -1.0388795350327843e+06   0.0000000000000000e+00   0.0000000000000000e+00   1.4577059681656950e+06
   1.3023477114607223e+05   1.2184926706826648e+05   4.1167947653257412e+04  -1.0383460486816347e+06   0.0000000000000000e+00   0.0000000000000000e+00   1.4684733673213993e+06
   1.3440969001464604e+05   1.2606805212557611e+05   4.2544781407972638e+04  -1.0377947134514209e+06   0.0000000000000000e+00   0.0000000000000000e+00   1.4792064988862413e+06
   1.3857519880640137e+05   1.3027868897146737e+05   4.3919343341063388e+04  -1.0372255898539706e+06   0.0000000000000000e+00   0.0000000000000000e+00   1.4899047945268750e+06
   1.4273103706948174e+05   1.3448089754244831e+05   4.5291562882156213e+04  -1.0366387402497913e+06   0.0000000000000000e+00   0.0000000000000000e+00   1.5005676912117100e+06
   1.4687694636202842e+05   1.3867439924287493e+05   4.6661369851795927e+04  -1.0360342288283479e+06   0.0000000000000000e+00   0.0000000000000000e+00   1.5111946313017169e+06
   1.5101267029585320e+05   1.4285891699701795e+05   4.8028694472371484e+04  -1.0354121215927616e+06   0.0000000000000000e+00   0.0000000000000000e+00   1.5217850626459976e+06
   1.5513795457897527e+05   1.4703417530032084e+05   4.9393467378778158e+04  -1.0347724863404739e+06   0.0000000000000000e+00   0.0000000000000000e+00   1.5323384386707421e+06
   1.5925254705771874e+05   1.5119990027038648e+05   5.0755619629063032e+04  -1.0341153926470987e+06   0.0000000000000000e+00   0.0000000000000000e+00   1.5428542184714689e+06
   1.6335619775753218e+05   1.5535581969685358e+05   5.2115082714770746e+04  -1.0334409118456796e+06   0.0000000000000000e+00   0.0000000000000000e+00   1.5533318668972035e+06
   1.6744865892349673e+05   1.5950166309126423e+05   5.3471788571299272e+04  -1.0327491170098024e+06   0.0000000000000000e+00   0.0000000000000000e+00   1.5637708546391227e+06
   1.7152968505930400e+05   1.6363716173547081e+05   5.4825669587889650e+04  -1.0320400829314315e+06   0.0000000000000000e+00   0.0000000000000000e+00   1.5741706583099579e+06
   1.7559903296630434e+05   1.6776204873041197e+05   5.6176658617752000e+04  -1.0313138861044000e+06   0.0000000000000000e+00   0.0000000000000000e+00   1.5845307605304106e+06
   1.7965646178072906e+05   1.7187605904314070e+05   5.7524688987712019e+04  -1.0305706047013113e+06   0.0000000000000000e+00   0.0000000000000000e+00   1.5948506500046458e+06
   1.8370173301069115e+05   1.7597892955391135e+05   5.8869694507917586e+04  -1.0298103185542906e+06   0.0000000000000000e+00   0.0000000000000000e+00   1.6051298215994770e+06
   1.8773461057202294e+05   1.8007039910224333e+05   6.0211609481295469e+04  -1.0290331091337376e+06   0.0000000000000000e+00   0.0000000000000000e+00   1.6153677764198354e+06
   1.9175486082337174e+05   1.8415020853233800e+05   6.1550368712859483e+04  -1.0282390595272346e+06   0.0000000000000000e+00   0.0000000000000000e+00   1.6255640218823408e+06
   1.9576225260005650e+05   1.8821810073756301e+05   6.2885907518792381e+04  -1.0274282544169595e+06   0.0000000000000000e+00   0.0000000000000000e+00   1.6357180717853517e+06
   1.9975655724754519e+05   1.9227382070458136e+05   6.4218161735457295e+04  -1.0266007800587625e+06   0.0000000000000000e+00   0.0000000000000000e+00   1.6458294463800262e+06
   2.0373754865341898e+05   1.9631711555617439e+05   6.5547067728108275e+04  -1.0257567242583871e+06   0.0000000000000000e+00   0.0000000000000000e+00   1.6558976724351579e+06
   2.0770500327897107e+05   2.0034773459387917e+05   6.6872562399575021e+04  -1.0248961763505832e+06   0.0000000000000000e+00   0.0000000000000000e+00   1.6659222833052943e+06
   2.1165870018920672e+05   2.0436542933912089e+05   6.8194583198543871e+04  -1.0240192271733485e+06   0.0000000000000000e+00   0.0000000000000000e+00   1.6759028189889821e+06
   2.1559842108266600e+05   2.0836995357434420e+05   6.9513068127934093e+04  -1.0231259690472849e+06   0.0000000000000000e+00   0.0000000000000000e+00   1.6858388261940060e+06
   2.1952395031956412e+05   2.1236106338251167e+05   7.0827955752825335e+04  -1.0222164957497707e+06   0.0000000000000000e+00   0.0000000000000000e+00   1.6957298583922321e+06
   2.2343507494966625e+05   2.1633851718657088e+05   7.2139185208443785e+04  -1.0212909024930048e+06   0.0000000000000000e+00   0.0000000000000000e+00   1.7055754758794089e+06
   2.2733158473829491e+05   2.2030207578705889e+05   7.3446696207643123e+04  -1.0203492858966717e+06   0.0000000000000000e+00   0.0000000000000000e+00   1.7153752458239063e+06
   2.3121327219262323e+05   2.2425150240028021e+05   7.4750429048643186e+04  -1.0193917439676553e+06   0.0000000000000000e+00   0.0000000000000000e+00   1.7251287423256543e+06
   2.3507993258566002e+05   2.2818656269403960e+05   7.6050324622091386e+04  -1.0184183760711707e+06   0.0000000000000000e+00   0.0000000000000000e+00   1.7348355464592997e+06
   2.3893136398013507e+05   2.3210702482361902e+05   7.7346324418263379e+04  -1.0174292829079577e+06   0.0000000000000000e+00   0.0000000000000000e+00   1.7444952463249145e+06
   2.4276736725131253e+05   2.3601265946652982e+05   7.8638370533992231e+04  -1.0164245664887805e+06   0.0000000000000000e+00   0.0000000000000000e+00   1.7541074370931636e+06
   2.4658774610821882e+05   2.3990323985608178e+05   7.9926405679268559e+04  -1.0154043301076984e+06   0.0000000000000000e+00   0.0000000000000000e+00   1.7636717210461292e+06
   2.5039230711475518e+05   2.4377854181461348e+05   8.1210373183861419e+04  -1.0143686783178265e+06   0.0000000000000000e+00   0.0000000000000000e+00   1.7731877076202531e+06
   2.5418085970933139e+05   2.4763834378550338e+05   8.2490217003622369e+04  -1.0133177169051097e+06   0.0000000000000000e+00   0.0000000000000000e+00   1.7826550134449448e+06
   2.5795321622337002e+05   2.5148242686405228e+05   8.3765881726529362e+04  -1.0122515528613343e+06   0.0000000000000000e+00   0.0000000000000000e+00   1.7920732623767341e+06
   2.6170919189898379e+05   2.5531057482764349e+05   8.5037312578579440e+04  -1.0111702943574387e+06   0.0000000000000000e+00   0.0000000000000000e+00   1.8014420855330261e+06
   2.6544860490628553e+05   2.5912257416558714e+05   8.6304455429715628e+04  -1.0100740507197693e+06   0.0000000000000000e+00   0.0000000000000000e+00   1.8107611213285374e+06
   2.6917127635835746e+05   2.6291821410664299e+05   8.7567256799048482e+04  -1.0089629323997545e+06   0.0000000000000000e+00   0.0000000000000000e+00   1.8200300154983196e+06
   2.7287703032663622e+05   2.6669728664701973e+05   8.8825663860403482e+04  -1.0078370509497636e+06   0.0000000000000000e+00   0.0000000000000000e+00   1.8292484211299629e+06
   2.7656569385424629e+05   2.7045958657647885e+05   9.0079624447270122e+04  -1.0066965189943786e+06   0.0000000000000000e+00   0.0000000000000000e+00   1.8384159986854030e+06
   2.8023709696902259e+05   2.7420491150390962e+05   9.1329087057797224e+04  -1.0055414502040504e+06   0.0000000000000000e+00   0.0000000000000000e+00   1.8475324160249331e+06
   2.8389107269558811e+05   2.7793306188226753e+05   9.2574000859579261e+04  -1.0043719592691336e+06   0.0000000000000000e+00   0.0000000000000000e+00   1.8565973484305199e+06
   2.8752745706564409e+05   2.8164384103156510e+05   9.3814315693970668e+04  -1.0031881618699757e+06   0.0000000000000000e+00   0.0000000000000000e+00   1.8656104786191480e+06
   2.9114608912798227e+05   2.8533705516168493e+05   9.5049982080457557e+04  -1.0019901746503619e+06   0.0000000000000000e+00   0.0000000000000000e+00   1.8745714967607046e+06
   2.9474681095810613e+05   2.8901251339480240e+05   9.6280951220984382e+04  -1.0007781151925534e+06   0.0000000000000000e+00   0.0000000000000000e+00   1.8834801004968854e+06
   2.9832946766471054e+05   2.9267002778464119e+05   9.7507175003378696e+04  -9.9955210198437085e+05   0.0000000000000000e+00   0.0000000000000000e+00   1.8923359949429408e+06
   3.0189390739825118e+05   2.9630941333785770e+05   9.8728606005580281e+04  -9.9831225439717551e+05   0.0000000000000000e+00   0.0000000000000000e+00   1.9011388927080242e+06
   3.0543998135584622e+05   2.9993048803176708e+05   9.9945197498766196e+04  -9.9705869265429315e+05   0.0000000000000000e+00   0.0000000000000000e+00   1.9098885138955293e+06
   3.0896754378679360e+05   3.0353307283258362e+05   1.0115690345078586e+05  -9.9579153780457168e+05   0.0000000000000000e+00   0.0000000000000000e+00   1.9185845861108406e+06
   3.1247645199681865e+05   3.0711699171249237e+05   1.0236367852932042e+05  -9.9451091169525182e+05   0.0000000000000000e+00   0.0000000000000000e+00   1.9272268444659524e+06
   3.1596656635053136e+05   3.1068207166487997e+05   1.0356547810452610e+05  -9.9321693694130937e+05   0.0000000000000000e+00   0.0000000000000000e+00   1.9358150315752514e+06
   3.1943775027478766e+05   3.1422814272031706e+05   1.0476225825208392e+05  -9.9190973690150154e+05   0.0000000000000000e+00   0.0000000000000000e+00   1.9443488975618915e+06
   3.2288987025919306e+05   3.1775503795990284e+05   1.0595397575546931e+05  -9.9058943564775039e+05   0.0000000000000000e+00   0.0000000000000000e+00   1.9528282000496802e+06
   3.2632279585668613e+05   3.2126259352834965e+05   1.0714058810825614e+05  -9.8925615793744137e+05   0.0000000000000000e+00   0.0000000000000000e+00   1.9612527041580435e+06
   3.2973639968329656e+05   3.2475064864646608e+05   1.0832205351634206e+05  -9.8791002918682690e+05   0.0000000000000000e+00   0.0000000000000000e+00   1.9696221824975393e+06
   3.3313055741634278e+05   3.2821904562185280e+05   1.0949833089970959e+05  -9.8655117544131586e+05   0.0000000000000000e+00   0.0000000000000000e+00   1.9779364151566690e+06
   3.3650514779280068e+05   3.3166762985982833e+05   1.1066937989436608e+05  -9.8517972335022863e+05   0.0000000000000000e+00   0.0000000000000000e+00   1.9861951896961736e+06
   3.3986005260536313e+05   3.3509624987192068e+05   1.1183516085360538e+05  -9.8379580013615789e+05   0.0000000000000000e+00   0.0000000000000000e+00   1.9943983011296361e+06
   3.4319515669884230e+05   3.3850475728459033e+05   1.1299563484947437e+05  -9.8239953356857004e+05   0.0000000000000000e+00   0.0000000000000000e+00   2.0025455519114574e+06
   3.4651034796520055e+05   3.4189300684671092e+05   1.1415076367392663e+05  -9.8099105193621072e+05   0.0000000000000000e+00   0.0000000000000000e+00   2.0106367519194076e+06
   3.4980551733809797e+05   3.4526085643624299e+05   1.1530050983983184e+05  -9.7957048402004223e+05   0.0000000000000000e+00   0.0000000000000000e+00   2.0186717184371026e+06
   3.5308055878569424e+05   3.4860816706527286e+05   1.1644483658157242e+05  -9.7813795906397211e+05   0.0000000000000000e+00   0.0000000000000000e+00   2.0266502761291510e+06
   3.5633536930357513e+05   3.5193480288498022e+05   1.1758370785572626e+05  -9.7669360674840084e+05   0.0000000000000000e+00   0.0000000000000000e+00   2.0345722570207142e+06
   3.5956984890647134e+05   3.5524063118937687e+05   1.1871708834145661e+05  -9.7523755716287391e+05   0.0000000000000000e+00   0.0000000000000000e+00   2.0424375004724250e+06
   3.6278390061962401e+05   3.5852552241854602e+05   1.1984494344084979e+05  -9.7376994077966048e+05   0.0000000000000000e+00   0.0000000000000000e+00   2.0502458531560288e+06
   3.6597743046779308e+05   3.6178935015946953e+05   1.2096723927859214e+05  -9.7229088842354657e+05   0.0000000000000000e+00   0.0000000000000000e+00   2.0579971690193755e+06
   3.6915034746614052e+05   3.6503199114864977e+05   1.2208394270232282e+05  -9.7080053124923666e+05   0.0000000000000000e+00   0.0000000000000000e+00   2.0656913092658562e+06
   3.7230256360750034e+05   3.6825332527085947e+05   1.2319502128183907e+05  -9.6929900071009493e+05   0.0000000000000000e+00   0.0000000000000000e+00   2.0733281423132196e+06
   3.7543399385118874e+05   3.7145323555957776e+05   1.2430044330898004e+05  -9.6778642853487644e+05   0.0000000000000000e+00   0.0000000000000000e+00   2.0809075437674271e+06
   3.7854455610918300e+05   3.7463160819443839e+05   1.2540017779661815e+05  -9.6626294669792429e+05   0.0000000000000000e+00   0.0000000000000000e+00   2.0884293963808559e+06
   3.8163417123374023e+05   3.7778833250015456e+05   1.2649419447824730e+05  -9.6472868739651842e+05   0.0000000000000000e+00   0.0000000000000000e+00   2.0958935900233109e+06
   3.8470276300145069e+05   3.8092330094164005e+05   1.2758246380644150e+05  -9.6318378301992582e+05   0.0000000000000000e+00   0.0000000000000000e+00   2.1033000216337470e+06
   3.8775025809944241e+05   3.8403640912129427e+05   1.2866495695213623e+05  -9.6162836612705700e+05   0.0000000000000000e+00   0.0000000000000000e+00   2.1106485951882824e+06
   3.9378167949007312e+05   3.9019664275945997e+05   1.3081250296254098e+05  -9.5848652571373980e+05   0.0000000000000000e+00   0.0000000000000000e+00   2.1251718189527551e+06
   3.9972790648701554e+05   3.9626826076582592e+05   1.3293661618544662e+05  -9.5530422900605446e+05   0.0000000000000000e+00   0.0000000000000000e+00   2.1394626321760062e+06
   4.0558845565459272e+05   4.0225054028627195e+05   1.3503709168576726e+05  -9.5208253990271676e+05   0.0000000000000000e+00   0.0000000000000000e+00   2.1535205154376202e+06
   4.1136288844051445e+05   4.0814280798946600e+05   1.3711373585168325e+05  -9.4882252254643990e+05   0.0000000000000000e+00   0.0000000000000000e+00   2.1673450574859995e+06
   4.1705081053783186e+05   4.1394443974663882e+05   1.3916636631952939e+05  -9.4552524053392408e+05   0.0000000000000000e+00   0.0000000000000000e+00   2.1809359536012080e+06
   4.2265187120946392e+05   4.1965486026390741e+05   1.4119481188936371e+05  -9.4219175613994244e+05   0.0000000000000000e+00   0.0000000000000000e+00   2.1942930038730484e+06
   4.2816576257828309e+05   4.2527354266971489e+05   1.4319891243187804e+05  -9.3882312955886289e+05   0.0000000000000000e+00   0.0000000000000000e+00   2.2074161114037065e+06
   4.3359221888193209e+05   4.3080000805617298e+05   1.4517851878609785e+05  -9.3542041815771197e+05   0.0000000000000000e+00   0.0000000000000000e+00   2.2203052804246694e+06
   4.3893101569790760e+05   4.3623382497983717e+05   1.4713349264942357e+05  -9.3198467575027759e+05   0.0000000000000000e+00   0.0000000000000000e+00   2.2329606143527096e+06
   4.4418196913798008e+05   4.4157460892016103e+05   1.4906370645935897e+05  -9.2851695188585296e+05   0.0000000000000000e+00   0.0000000000000000e+00   2.2453823137723487e+06
   4.4934493501536344e+05   4.4682202169935621e+05   1.5096904326782253e+05  -9.2501829115641792e+05   0.0000000000000000e+00   0.0000000000000000e+00   2.2575706743575148e+06
   4.5441980798587535e+05   4.5197577086438489e+05   1.5284939660821811e+05  -9.2148973252234934e+05   0.0000000000000000e+00   0.0000000000000000e+00   2.2695260847349013e+06
   4.5940652066477103e+05   4.5703560903253080e+05   1.5470467035533322e+05  -9.1793230865459749e+05   0.0000000000000000e+00   0.0000000000000000e+00   2.2812490242881221e+06
   4.6430504272368585e+05   4.6200133320505708e+05   1.5653477857955513e+05  -9.1434704530159745e+05   0.0000000000000000e+00   0.0000000000000000e+00   2.2927400609250613e+06
   4.6911537996394566e+05   4.6687278404480615e+05   1.5833964539357706e+05  -9.1073496066712134e+05   0.0000000000000000e+00   0.0000000000000000e+00   2.3039998487788406e+06
   4.7383757337599067e+05   4.7164984512765892e+05   1.6011920479484493e+05  -9.0709706481723848e+05   0.0000000000000000e+00   0.0000000000000000e+00   2.3150291258903714e+06
   4.7847169817830727e+05   4.7633244216079998e+05   1.6187340050109124e+05  -9.0343435909883690e+05   0.0000000000000000e+00   0.0000000000000000e+00   2.3258287118314952e+06
   4.8301786284597800e+05   4.8092054217837233e+05   1.6360218578213765e+05  -8.9974783558654645e+05   0.0000000000000000e+00   0.0000000000000000e+00   2.3363995053163040e+06
   4.8747620812259219e+05   4.8541415270749852e+05   1.6530552328559256e+05  -8.9603847654237319e+05   0.0000000000000000e+00   0.0000000000000000e+00   2.3467424817624036e+06
   4.9184690602491092e+05   4.8981332091493183e+05   1.6698338485943474e+05  -8.9230725390316045e+05   0.0000000000000000e+00   0.0000000000000000e+00   2.3568586908456646e+06
   4.9613015883535746e+05   4.9411813272855198e+05   1.6863575136941363e+05  -8.8855512878285511e+05   0.0000000000000000e+00   0.0000000000000000e+00   2.3667492540182094e+06
   5.0032619808938622e+05   4.9832871194151603e+05   1.7026261251356962e+05  -8.8478305100052967e+05   0.0000000000000000e+00   0.0000000000000000e+00   2.3764153620211100e+06
   5.0443528355587594e+05   5.0244521929695166e+05   1.7186396663299136e+05  -8.8099195862676995e+05   0.0000000000000000e+00   0.0000000000000000e+00   2.3858582723774896e+06
   5.0845770221342257e+05   5.0646785155594349e+05   1.7343982051940128e+05  -8.7718277755099954e+05   0.0000000000000000e+00   0.0000000000000000e+00   2.3950793068744452e+06
   5.1239376722453284e+05   5.1039684055145946e+05   1.7499018922029799e+05  -8.7335642107112391e+05   0.0000000000000000e+00   0.0000000000000000e+00   2.4040798490429781e+06
   5.1624381690816488e+05   5.1423245222829113e+05   1.7651509584137276e+05  -8.6951378950251080e+05   0.0000000000000000e+00   0.0000000000000000e+00   2.4128613416305971e+06
   5.2000821371357841e+05   5.1797498567249574e+05   1.7801457134714798e+05  -8.6565576980961883e+05   0.0000000000000000e+00   0.0000000000000000e+00   2.4214252840789873e+06
   5.2368734319505410e+05   5.2162477212977142e+05   1.7948865435946448e+05  -8.6178323525652231e+05   0.0000000000000000e+00   0.0000000000000000e+00   2.4297732300012517e+06
   5.2728161299090262e+05   5.2518217401649163e+05   1.8093739095472492e+05  -8.5789704507956887e+05   0.0000000000000000e+00   0.0000000000000000e+00   2.4379067846694067e+06
   5.3079145180587983e+05   5.2864758392291341e+05   1.8236083445961992e+05  -8.5399804417873244e+05   0.0000000000000000e+00   0.0000000000000000e+00   2.4458276025081147e+06
   5.3421730840045202e+05   5.3202142361174698e+05   1.8375904524612881e+05  -8.5008706283051195e+05   0.0000000000000000e+00   0.0000000000000000e+00   2.4535373846043777e+06
   5.3755965058645490e+05   5.3530414301244973e+05   1.8513209052564870e+05  -8.4616491641988116e+05   0.0000000000000000e+00   0.0000000000000000e+00   2.4610378762309798e+06
   5.4081896423161286e+05   5.3849621921340155e+05   1.8648004414286790e+05  -8.4223240519250778e+05   0.0000000000000000e+00   0.0000000000000000e+00   2.4683308643895169e+06
   5.4399575227255211e+05   5.4159815545243502e+05   1.8780298636923404e+05  -8.3829031402575213e+05   0.0000000000000000e+00   0.0000000000000000e+00   2.4754181753729833e+06
   5.4709053373914817e+05   5.4461048010812502e+05   1.8910100369671109e+05  -8.3433941221927456e+05   0.0000000000000000e+00   0.0000000000000000e+00   2.4823016723526297e+06
   5.5010384278992866e+05   5.4753374569261598e+05   1.9037418863179293e+05  -8.3038045330470137e+05   0.0000000000000000e+00   0.0000000000000000e+00   2.4889832529922901e+06
   5.5303622775856894e+05   5.5036852784569096e+05   1.9162263948955791e+05  -8.2641417487114063e+05   0.0000000000000000e+00   0.0000000000000000e+00   2.4954648470819979e+06
   5.5588825021609815e+05   5.5311542433542630e+05   1.9284646018934832e+05  -8.2244129841317364e+05   0.0000000000000000e+00   0.0000000000000000e+00   2.5017484142150995e+06
   5.5866048404507863e+05   5.5577505406169163e+05   1.9404576005065194e+05  -8.1846252919283370e+05   0.0000000000000000e+00   0.0000000000000000e+00   2.5078359414864965e+06
   5.6135351452919899e+05   5.5834805606657139e+05   1.9522065359032535e+05  -8.1447855612004339e+05   0.0000000000000000e+00   0.0000000000000000e+00   2.5137294412276302e+06
   5.6396793745812343e+05   5.6083508855153527e+05   1.9637126032102777e+05  -8.1049005164944939e+05   0.0000000000000000e+00   0.0000000000000000e+00   2.5194309487753636e+06
   5.6650435825026431e+05   5.6323682790464500e+05   1.9749770455177507e+05  -8.0649767169626628e+05   0.0000000000000000e+00   0.0000000000000000e+00   2.5249425202861228e+06
   5.6896339108950412e+05   5.6555396773411112e+05   1.9860011518917172e+05  -8.0250205556399212e+05   0.0000000000000000e+00   0.0000000000000000e+00   2.5302662305754200e+06
   5.7134565808115155e+05   5.6778721791352332e+05   1.9967862554104565e+05  -7.9850382589012873e+05   0.0000000000000000e+00   0.0000000000000000e+00   2.5354041710047727e+06
   5.7365178842633450e+05   5.6993730363888748e+05   2.0073337312234109e+05  -7.9450358860830474e+05   0.0000000000000000e+00   0.0000000000000000e+00   2.5403584474132285e+06
   5.7588241761252936e+05   5.7200496449478215e+05   2.0176449946229320e+05  -7.9050193292138982e+05   0.0000000000000000e+00   0.0000000000000000e+00   2.5451311780801760e+06
   5.7803818662514526e+05   5.7399095353574795e+05   2.0277214991472484e+05  -7.8649943129268871e+05   0.0000000000000000e+00   0.0000000000000000e+00   2.5497244917428307e+06
   5.8011974117640883e+05   5.7589603637851065e+05   2.0375647346998297e+05  -7.8249663944768882e+05   0.0000000000000000e+00   0.0000000000000000e+00   2.5541405256479494e+06
   5.8212773095559236e+05   5.7772099031051074e+05   2.0471762257016750e+05  -7.7849409639232792e+05   0.0000000000000000e+00   0.0000000000000000e+00   2.5583814236592925e+06
   5.8406280889683042e+05   5.7946660341025807e+05   2.0565575292605840e+05  -7.7449232444062992e+05   0.0000000000000000e+00   0.0000000000000000e+00   2.5624493343981621e+06
   5.8592563046889449e+05   5.8113367368529970e+05   2.0657102333764746e+05  -7.7049182925801072e+05   0.0000000000000000e+00   0.0000000000000000e+00   2.5663464094430469e+06
   5.8771685298376135e+05   5.8272300822388066e+05   2.0746359551681051e+05  -7.6649309991400386e+05   0.0000000000000000e+00   0.0000000000000000e+00   2.5700748015659833e+06
   5.8943713492630830e+05   5.8423542236401862e+05   2.0833363391331388e+05  -7.6249660894824390e+05   0.0000000000000000e+00   0.0000000000000000e+00   2.5736366630238476e+06
   5.9108713530308206e+05   5.8567173887744127e+05   2.0918130554319924e+05  -7.5850281244485267e+05   0.0000000000000000e+00   0.0000000000000000e+00   2.5770341438877955e+06
   5.9266751301429537e+05   5.8703278717334871e+05   2.1000677982126820e+05  -7.5451215012160724e+05   0.0000000000000000e+00   0.0000000000000000e+00   2.5802693904353497e+06
   5.9417892624284956e+05   5.8831940251603315e+05   2.1081022839539396e+05  -7.5052504542422877e+05   0.0000000000000000e+00   0.0000000000000000e+00   2.5833445435740366e+06
   5.9562203186619608e+05   5.8953242526240379e+05   2.1159182498483520e+05  -7.4654190563324594e+05   0.0000000000000000e+00   0.0000000000000000e+00   2.5862617373236422e+06
   5.9699748488926946e+05   5.9067270011795778e+05   2.1235174522194488e+05  -7.4256312198087026e+05   0.0000000000000000e+00   0.0000000000000000e+00   2.5890230973490993e+06
   5.9830593789493898e+05   5.9174107540816779e+05   2.1309016649616847e+05  -7.3858906977258530e+05   0.0000000000000000e+00   0.0000000000000000e+00   2.5916307395290406e+06
   5.9954804051772330e+05   5.9273840237108094e+05   2.1380726780232033e+05  -7.3462010852093773e+05   0.0000000000000000e+00   0.0000000000000000e+00   2.5940867685851767e+06
   6.0072443893627136e+05   5.9366553446697944e+05   2.1450322959169300e+05  -7.3065658208488254e+05   0.0000000000000000e+00   0.0000000000000000e+00   2.5963932767525460e+06
   6.0183577538674930e+05   5.9452332670777955e+05   2.1517823362685196e+05  -7.2669881881787011e+05   0.0000000000000000e+00   0.0000000000000000e+00   2.5985523425022196e+06
   6.0386580883103167e+05   5.9603431553339772e+05   2.1646610119217064e+05  -7.1880181860737246e+05   0.0000000000000000e+00   0.0000000000000000e+00   2.6024363844576967e+06
   6.0547667306139332e+05   5.9716564972606406e+05   2.1755535181667845e+05  -7.1171721060677618e+05   0.0000000000000000e+00   0.0000000000000000e+00   2.6054482958875773e+06
   6.0688649704247189e+05   5.9808562386938452e+05   2.1857957136590811e+05  -7.0465569009694562e+05   0.0000000000000000e+00   0.0000000000000000e+00   2.6080140637420872e+06
   6.0809882676096912e+05   5.9879919899298425e+05   2.1953984938534783e+05  -6.9761863313894090e+05   0.0000000000000000e+00   0.0000000000000000e+00   2.6101451605004435e+06
   6.0911713470180740e+05   5.9931130544881022e+05   2.2043727877567042e+05  -6.9060726686821785e+05   0.0000000000000000e+00   0.0000000000000000e+00   2.6118528281769482e+06
   6.0994481387351116e+05   5.9962683345389832e+05   2.2127295363037934e+05  -6.8362267318861710e+05   0.0000000000000000e+00   0.0000000000000000e+00   2.6131480619042232e+06
   6.1058517242467147e+05   5.9975062426456716e+05   2.2204796718869908e+05  -6.7666579257902608e+05   0.0000000000000000e+00   0.0000000000000000e+00   2.6140415949517265e+06
   6.1104142883489979e+05   5.9968746197804506e+05   2.2276340990446587e+05  -6.6973742799829296e+05   0.0000000000000000e+00   0.0000000000000000e+00   2.6145438851585556e+06
   6.1131670765253436e+05   5.9944206594422879e+05   2.2342036762733269e+05  -6.6283824886266189e+05   0.0000000000000000e+00   0.0000000000000000e+00   2.6146651027058554e+06
   6.1141403576267732e+05   5.9901908378148440e+05   2.2401991989697967e+05  -6.5596879508548672e+05   0.0000000000000000e+00   0.0000000000000000e+00   2.6144151192104556e+06
   6.1133633915894153e+05   5.9842308497851621e+05   2.2456313834709534e+05  -6.4912948115833697e+05   0.0000000000000000e+00   0.0000000000000000e+00   2.6138034980709488e+06
   6.1108644019686780e+05   5.9765855506784760e+05   2.2505108521742513e+05  -6.4232060025989404e+05   0.0000000000000000e+00   0.0000000000000000e+00   2.6128394860224826e+06
   6.1066705530504114e+05   5.9672989035504393e+05   2.2548481197165974e+05  -6.3554232837762940e+05   0.0000000000000000e+00   0.0000000000000000e+00   2.6115320058471975e+06
   6.1008079312972841e+05   5.9564139318445395e+05   2.2586535801830870e+05  -6.2879472842892958e+05   0.0000000000000000e+00   0.0000000000000000e+00   2.6098896501830509e+06
   6.0933015309322858e+05   5.9439726772772858e+05   2.2619374953350317e+05  -6.2207775437307486e+05   0.0000000000000000e+00   0.0000000000000000e+00   2.6079206763965115e+06
   6.0841752433747821e+05   5.9300161627128976e+05   2.2647099838114600e+05  -6.1539125529785827e+05   0.0000000000000000e+00   0.0000000000000000e+00   2.6056330024442561e+06
   6.0734518503478286e+05   5.9145843598728592e+05   2.2669810112927479e+05  -6.0873497947525745e+05   0.0000000000000000e+00   0.0000000000000000e+00   2.6030342036888869e+06
   6.0611530204107007e+05   5.8977161616768700e+05   2.2687603815918186e+05  -6.0210857837527618e+05   0.0000000000000000e+00   0.0000000000000000e+00   2.6001315106125213e+06
   6.0472993087163346e+05   5.8794493590309739e+05   2.2700577286516712e+05  -5.9551161063175998e+05   0.0000000000000000e+00   0.0000000000000000e+00   2.5969318073842926e+06
   6.0319101597500197e+05   5.8598206218320166e+05   2.2708825094057029e+05  -5.8894354594898236e+05   0.0000000000000000e+00   0.0000000000000000e+00   2.5934416312152427e+06
   6.0150039129033987e+05   5.8388654840643995e+05   2.2712439975002347e+05  -5.8240376895021636e+05   0.0000000000000000e+00   0.0000000000000000e+00   2.5896671724875201e+06
   5.9965978106195317e+05   5.8166183327141497e+05   2.2711512778194301e+05  -5.7589158295448369e+05   0.0000000000000000e+00   0.0000000000000000e+00   2.5856142755725910e+06
   5.9767080089714087e+05   5.7931124003760947e+05   2.2706132418087340e+05  -5.6940621368342231e+05   0.0000000000000000e+00   0.0000000000000000e+00   2.5812884403249784e+06
   5.9553495904670784e+05   5.7683797613327345e+05   2.2696385835568435e+05  -5.6294681289105013e+05   0.0000000000000000e+00   0.0000000000000000e+00   2.5766948241937282e+06
   5.9325365789201541e+05   5.7424513309385837e+05   2.2682357966136636e+05  -5.5651246191498823e+05   0.0000000000000000e+00   0.0000000000000000e+00   2.5718382449164791e+06
   5.9082819562063622e+05   5.7153568681185658e+05   2.2664131715129971e+05  -5.5010217514500127e+05   0.0000000000000000e+00   0.0000000000000000e+00   2.5667231837543217e+06
   5.8825976807632018e+05   5.6871249808136316e+05   2.2641787939743785e+05  -5.4371490340809966e+05   0.0000000000000000e+00   0.0000000000000000e+00   2.5613537892292580e+06
   5.8554947076725017e+05   5.6577831342051411e+05   2.2615405437581587e+05  -5.3734953726840997e+05   0.0000000000000000e+00   0.0000000000000000e+00   2.5557338813327905e+06
   5.8269830102009000e+05   5.6273576615597284e+05   2.2585060941484111e+05  -5.3100491024148511e+05   0.0000000000000000e+00   0.0000000000000000e+00   2.5498669561702707e+06
   5.7970716026380030e+05   5.5958737775205704e+05   2.2550829120326592e+05  -5.2467980192110152e+05   0.0000000000000000e+00   0.0000000000000000e+00   2.5437561910045962e+06
   5.7657685643433628e+05   5.5633555937205767e+05   2.2512782585610132e+05  -5.1837294102098886e+05   0.0000000000000000e+00   0.0000000000000000e+00   2.5374044496786236e+06
   5.7330810648432688e+05   5.5298261365364573e+05   2.2470991903470721e+05  -5.1208300832841510e+05   0.0000000000000000e+00   0.0000000000000000e+00   2.5308142883726666e+06
   5.6990153899100784e+05   5.4953073668897164e+05   2.2425525612035443e+05  -5.0580863957480626e+05   0.0000000000000000e+00   0.0000000000000000e+00   2.5239879616914447e+06
   5.6635769684849679e+05   5.4598202019191359e+05   2.2376450243700415e+05  -4.9954842821996554e+05   0.0000000000000000e+00   0.0000000000000000e+00   2.5169274290337651e+06
   5.6267704003724875e+05   5.4233845384272875e+05   2.2323830352215923e+05  -4.9330092815445055e+05   0.0000000000000000e+00   0.0000000000000000e+00   2.5096343612364163e+06
   5.5885994845964620e+05   5.3860192779628083e+05   2.2267728544266443e+05  -4.8706465631940617e+05   0.0000000000000000e+00   0.0000000000000000e+00   2.5021101474614078e+06
   5.5490672483635833e+05   5.3477423534462473e+05   2.2208205515397378e+05  -4.8083809524807509e+05   0.0000000000000000e+00   0.0000000000000000e+00   2.4943559023160022e+06
   5.5081759765222238e+05   5.3085707572026865e+05   2.2145320089953035e+05  -4.7461969552793633e+05   0.0000000000000000e+00   0.0000000000000000e+00   2.4863724731732588e+06
   5.4659272414766124e+05   5.2685205703320378e+05   2.2079129264908881e+05  -4.6840787818871287e+05   0.0000000000000000e+00   0.0000000000000000e+00   2.4781604476911281e+06
   5.4223219334592763e+05   5.2276069932809006e+05   2.2009688257242829e+05  -4.6220103701493860e+05   0.0000000000000000e+00   0.0000000000000000e+00   2.4697201614943100e+06
   5.3773602911405615e+05   5.1858443775756803e+05   2.1937050554807921e+05  -4.5599754078973213e+05   0.0000000000000000e+00   0.0000000000000000e+00   2.4610517060294766e+06
   5.3310419324714527e+05   5.1432462585797225e+05   2.1861267970271164e+05  -4.4979573546773818e+05   0.0000000000000000e+00   0.0000000000000000e+00   2.4521549365519369e+06
   5.2833658857592219e+05   5.0998253892421187e+05   2.1782390698111345e+05  -4.4359394628380809e+05   0.0000000000000000e+00   0.0000000000000000e+00   2.4430294802576406e+06
   5.2343306208731636e+05   5.0555937747138285e+05   2.1700467374250037e+05  -4.3739047979593230e+05   0.0000000000000000e+00   0.0000000000000000e+00   2.4336747445237888e+06
   5.1839340805953857e+05   5.0105627078180987e+05   2.1615545138329940e+05  -4.3118362586943322e+05   0.0000000000000000e+00   0.0000000000000000e+00   2.4240899252735032e+06
   5.1321737120239815e+05   4.9647428052489739e+05   2.1527669698179991e+05  -4.2497165960050770e+05   0.0000000000000000e+00   0.0000000000000000e+00   2.4142740154283722e+06
   5.0790464980268379e+05   4.9181440444829775e+05   2.1436885396450237e+05  -4.1875284318520606e+05   0.0000000000000000e+00   0.0000000000000000e+00   2.4042258134612562e+06
   5.0245489886993426e+05   4.8707758013214369e+05   2.1343235279094771e+05  -4.1252542773448554e+05   0.0000000000000000e+00   0.0000000000000000e+00   2.3939439320301055e+06
   4.9686773327955639e+05   4.8226468880140648e+05   2.1246761165497956e+05  -4.0628765503846778e+05   0.0000000000000000e+00   0.0000000000000000e+00   2.3834268066867543e+06
   4.9114273091149231e+05   4.7737655919221253e+05   2.1147503720085273e+05  -4.0003775928304647e+05   0.0000000000000000e+00   0.0000000000000000e+00   2.3726727046607924e+06
   4.8527943577926693e+05   4.7241397146429535e+05   2.1045502525047297e+05  -3.9377396871880116e+05   0.0000000000000000e+00   0.0000000000000000e+00   2.3616797336949832e+06
   4.7927736115188996e+05   4.6737766116028483e+05   2.0940796154200318e+05  -3.8749450728916680e+05   0.0000000000000000e+00   0.0000000000000000e+00   2.3504458509554262e+06
   4.7313599266005051e+05   4.6226832320033218e+05   2.0833422247430784e+05  -3.8119759621401917e+05   0.0000000000000000e+00   0.0000000000000000e+00   2.3389688719730722e+06
   4.6685479139243381e+05   4.5708661591615714e+05   2.0723417585861048e+05  -3.7488145553798921e+05   0.0000000000000000e+00   0.0000000000000000e+00   2.3272464796546497e+06
   4.6043319697246392e+05   4.5183316511232540e+05   2.0610818167148696e+05  -3.6854430563869630e+05   0.0000000000000000e+00   0.0000000000000000e+00   2.3152762333167326e+06
   4.5387063062102714e+05   4.4650856815778505e+05   2.0495659280966263e+05  -3.6218436870277900e+05   0.0000000000000000e+00   0.0000000000000000e+00   2.3030555777723934e+06
   4.4716649819867645e+05   4.4111339809936134e+05   2.0377975584246262e+05  -3.5579987016773928e+05   0.0000000000000000e+00   0.0000000000000000e+00   2.2905818524452904e+06
   4.4032019322859921e+05   4.3564820779484784e+05   2.0257801175969021e+05  -3.4938904013305600e+05   0.0000000000000000e+00   0.0000000000000000e+00   2.2778523005113825e+06
   4.3333109990013635e+05   4.3011353406456270e+05   2.0135169671388267e+05  -3.4295011474382808e+05   0.0000000000000000e+00   0.0000000000000000e+00   2.2648640780790718e+06
   4.2619859604889055e+05   4.2450990185314784e+05   2.0010114275198427e+05  -3.3648133754512324e+05   0.0000000000000000e+00   0.0000000000000000e+00   2.2516142633786364e+06
   4.1892205611532525e+05   4.1883782840155234e+05   1.9882667853575255e+05  -3.2998096081170626e+05   0.0000000000000000e+00   0.0000000000000000e+00   2.2380998659778787e+06
   4.1150085408112901e+05   4.1309782742540736e+05   1.9752863004789464e+05  -3.2344724685410567e+05   0.0000000000000000e+00   0.0000000000000000e+00   2.2243178360159937e+06
   4.0393436638107960e+05   4.0729041329352901e+05   1.9620732128025187e+05  -3.1687846930093906e+05   0.0000000000000000e+00   0.0000000000000000e+00   2.2102650734420908e+06
   3.9622197479143745e+05   4.0141610520539968e+05   1.9486307490241720e+05  -3.1027291436030780e+05   0.0000000000000000e+00   0.0000000000000000e+00   2.1959384372667521e+06
   3.8836306929522933e+05   3.9547543136283575e+05   1.9349621290762609e+05  -3.0362888206131861e+05   0.0000000000000000e+00   0.0000000000000000e+00   2.1813347548176739e+06
   3.8035705092263082e+05   3.8946893313138047e+05   1.9210705723285858e+05  -2.9694468747615837e+05   0.0000000000000000e+00   0.0000000000000000e+00   2.1664508309945739e+06
   3.7220333456814365e+05   3.8339716918719478e+05   1.9069593035014867e+05  -2.9021866192416096e+05   0.0000000000000000e+00   0.0000000000000000e+00   2.1512834575174907e+06
   3.6390135178385681e+05   3.7726071964594867e+05   1.8926315582702070e+05  -2.8344915415909298e+05   0.0000000000000000e+00   0.0000000000000000e+00   2.1358294221725417e+06
   3.5545055355011637e+05   3.7106019016807928e+05   1.8780905885201294e+05  -2.7663453154011257e+05   0.0000000000000000e+00   0.0000000000000000e+00   2.1200855180403693e+06
   3.4685041302292806e+05   3.6479621603535232e+05   1.8633396672275686e+05  -2.6977318118694396e+05   0.0000000000000000e+00   0.0000000000000000e+00   2.1040485527064241e+06
   3.3810042826028657e+05   3.5846946619484277e+05   1.8483820929381883e+05  -2.6286351112084533e+05   0.0000000000000000e+00   0.0000000000000000e+00   2.0877153574517430e+06
   3.2920012492768274e+05   3.5208064726341213e+05   1.8332211938080890e+05  -2.5590395139116846e+05   0.0000000000000000e+00   0.0000000000000000e+00   2.0710827964138058e+06
   3.2014905898312898e+05   3.4563050748746464e+05   1.8178603311773669e+05  -2.4889295518789536e+05   0.0000000000000000e+00   0.0000000000000000e+00   2.0541477757122123e+06
   3.1094681934511126e+05   3.3911984065206291e+05   1.8023029026475645e+05  -2.4182899994166230e+05   0.0000000000000000e+00   0.0000000000000000e+00   2.0369072525363429e+06
   3.0159303054273321e+05   3.3254948993224511e+05   1.7865523446284758e+05  -2.3471058841024316e+05   0.0000000000000000e+00   0.0000000000000000e+00   2.0193582441856973e+06
   2.9208735535133537e+05   3.2592035168071080e+05   1.7706121343274284e+05  -2.2753624975301485e+05   0.0000000000000000e+00   0.0000000000000000e+00   2.0014978370585819e+06
   2.8242949741545744e+05   3.1923337914402958e+05   1.7544857911498417e+05  -2.2030454059325269e+05   0.0000000000000000e+00   0.0000000000000000e+00   1.9833231955842385e+06
   2.7261920386043220e+05   3.1248958609887806e+05   1.7381768774722656e+05  -2.1301404606782782e+05   0.0000000000000000e+00   0.0000000000000000e+00   1.9648315710807915e+06
   2.6265626789621724e+05   3.0569005040247715e+05   1.7216889987738439e+05  -2.0566338086569772e+05   0.0000000000000000e+00   0.0000000000000000e+00   1.9460203105492755e+06
   2.5254053141564276e+05   2.9883591744646954e+05   1.7050258030809471e+05  -1.9825119025423611e+05   0.0000000000000000e+00   0.0000000000000000e+00   1.9268868653787319e+06
   2.4227188758974592e+05   2.9192840350644029e+05   1.6881909797042119e+05  -1.9077615109367738e+05   0.0000000000000000e+00   0.0000000000000000e+00   1.9074287999629918e+06
   2.3185028346478217e+05   2.8496879897841997e+05   1.6711882572433096e+05  -1.8323697284071427e+05   0.0000000000000000e+00   0.0000000000000000e+00   1.8876438002247598e+06
   2.2127572256248869e+05   2.7795847149058280e+05   1.6540214008208492e+05  -1.7563239853927502e+05   0.0000000000000000e+00   0.0000000000000000e+00   1.8675296820238670e+06
   2.1054826749010017e+05   2.7089886888310115e+05   1.6366942085380637e+05  -1.6796120580127122e+05   0.0000000000000000e+00   0.0000000000000000e+00   1.8470843994631812e+06
   1.9966804256047989e+05   2.6379152204158489e+05   1.6192105071064227e+05  -1.6022220777377728e+05   0.0000000000000000e+00   0.0000000000000000e+00   1.8263060530566406e+06
   1.8863523643133050e+05   2.5663804757702007e+05   1.6015741466521457e+05  -1.5241425409631483e+05   0.0000000000000000e+00   0.0000000000000000e+00   1.8051928977738055e+06
   1.7745010476372926e+05   2.4944015033800804e+05   1.5837889946638828e+05  -1.4453623184498929e+05   0.0000000000000000e+00   0.0000000000000000e+00   1.7837433509383560e+06
   1.6611297290873807e+05   2.4219962574482770e+05   1.5658589290626309e+05  -1.3658706646604638e+05   0.0000000000000000e+00   0.0000000000000000e+00   1.7619559999719171e+06
   1.5462423862427587e+05   2.3491836193256653e+05   1.5477878303867087e+05  -1.2856572269662633e+05   0.0000000000000000e+00   0.0000000000000000e+00   1.7398296099797841e+06
   1.4298437482975869e+05   2.2759834169108307e+05   1.5295795730718720e+05  -1.2047120547432960e+05   0.0000000000000000e+00   0.0000000000000000e+00   1.7173631311626968e+06
   1.3119393240387208e+05   2.2024164418841715e+05   1.5112380158139003e+05  -1.1230256083484377e+05   0.0000000000000000e+00   0.0000000000000000e+00   1.6945557060446860e+06
   1.1925354303021645e+05   2.1285044646491451e+05   1.4927669910150112e+05  -1.0405887679735504e+05   0.0000000000000000e+00   0.0000000000000000e+00   1.6714066765125615e+06
   1.0716392209899836e+05   2.0542702468435318e+05   1.4741702933033326e+05  -9.5739284238722961e+04   0.0000000000000000e+00   0.0000000000000000e+00   1.6479155906533471e+06
   9.4925871670281645e+04   1.9797375512795927e+05   1.4554516671216293e+05  -8.7342957755647061e+04   0.0000000000000000e+00   0.0000000000000000e+00   1.6240822093752762e+06
   8.2540283504687613e+04   1.9049311491780967e+05   1.4366147933991585e+05  -7.8869116515040732e+04   0.0000000000000000e+00   0.0000000000000000e+00   1.5999065128122638e+06
   7.0008142169607032e+04   1.8298768245530501e+05   1.4176632753060502e+05  -7.0317025093049277e+04   0.0000000000000000e+00   0.0000000000000000e+00   1.5753887064955661e+06
   5.7330528227556490e+04   1.7546013756016796e+05   1.3986006231018493e+05  -6.1685994302791398e+04   0.0000000000000000e+00   0.0000000000000000e+00   1.5505292272808286e+06
   4.4508621512753598e+04   1.6791326129590097e+05   1.3794302381007225e+05  -5.2975382010500944e+04   0.0000000000000000e+00   0.0000000000000000e+00   1.5253287490282359e+06
   3.1543704504490866e+04   1.6034993546764815e+05   1.3601553957715779e+05  -4.4184593941336469e+04   0.0000000000000000e+00   0.0000000000000000e+00   1.4997881880219858e+06
   1.8437165803093449e+04   1.5277314177749422e+05   1.3407792280001089e+05  -3.5313084473960334e+04   0.0000000000000000e+00   0.0000000000000000e+00   1.4739087081204299e+06
   5.1905037161823757e+03   1.4518596062308151e+05   1.3213047045434598e+05  -2.6360357424956477e+04   0.0000000000000000e+00   0.0000000000000000e+00   1.4476917256263420e+06
  -8.1946700380388957e+03   1.3759156952633991e+05   1.3017346137209461e+05  -1.7325966823201608e+04   0.0000000000000000e+00   0.0000000000000000e+00   1.4211389138735295e+06
  -2.1716626502941952e+04   1.2999324117791414e+05   1.2820715423824717e+05  -8.2095176748117519e+03   0.0000000000000000e+00   0.0000000000000000e+00   1.3942522075196411e+06
  -3.5373515525660798e+04   1.2239434108408006e+05   1.2623178552040085e+05   9.8933328133634359e+02   0.0000000000000000e+00   0.0000000000000000e+00   1.3670338065359837e+06
  -4.9163361661894683e+04   1.1479832480343085e+05   1.2424756733712049e+05   1.0270876826662439e+04   0.0000000000000000e+00   0.0000000000000000e+00   1.3394861798902273e+06
  -6.3084059938090053e+04   1.0720873476037949e+05   1.2225468527102607e+05   1.9635350524538266e+04   0.0000000000000000e+00   0.0000000000000000e+00   1.3116120689121799e+06
  -7.7133371464050288e+04   9.9629196624939505e+04   1.2025329613435820e+05   2.9082937988861609e+04   0.0000000000000000e+00   0.0000000000000000e+00   1.2834144903420124e+06
  -9.1308918891842637e+04   9.2063415246024975e+04   1.1824352569388368e+05   3.8613768160285872e+04   0.0000000000000000e+00   0.0000000000000000e+00   1.2548967390461459e+06
  -1.0560818171711187e+05   8.4515170129981401e+04   1.1622546636502314e+05   4.8227914589138585e+04   0.0000000000000000e+00   0.0000000000000000e+00   1.2260623904114168e+06
  -1.2002849141675155e+05   7.6988310453114857e+04   1.1419917488283927e+05   5.7925394724029487e+04   0.0000000000000000e+00   0.0000000000000000e+00   1.1969153023944111e+06
  -1.3456702642054309e+05   6.9486749602227079e+04   1.1216466996135146e+05   6.7706169205372367e+04   0.0000000000000000e+00   0.0000000000000000e+00   1.1674596172407956e+06
  -1.4922080691628836e+05   6.2014459233847760e+04   1.1012192995095748e+05   7.7570141164909830e+04   0.0000000000000000e+00   0.0000000000000000e+00   1.1376997628597023e+06
  -1.6398668948330023e+05   5.4575462848256917e+04   1.0807089050585165e+05   8.7517155528128889e+04   0.0000000000000000e+00   0.0000000000000000e+00   1.1076404538573900e+06
  -1.7886136155663792e+05   4.7173828872867685e+04   1.0601144227352881e+05   9.7546998321019433e+04   0.0000000000000000e+00   0.0000000000000000e+00   1.0772866922273310e+06
  -1.9384133572195505e+05   3.9813663252605824e+04   1.0394342861949833e+05   1.0765939597988199e+05   0.0000000000000000e+00   0.0000000000000000e+00   1.0466437676980881e+06
  -2.0892294384151601e+05   3.2499101546271948e+04   1.0186664340066435e+05   1.1785401466321231e+05   0.0000000000000000e+00   0.0000000000000000e+00   1.0157172577388078e+06
  -2.2410233101690808e+05   2.5234300528871889e+04   9.9780828801908923e+04   1.2813045956643645e+05   0.0000000000000000e+00   0.0000000000000000e+00   9.8451302722396690e+05
  -2.3937544939026114e+05   1.8023429303147750e+04   9.7685673250764536e+04   1.3848827423772801e+05   0.0000000000000000e+00   0.0000000000000000e+00   9.5303722776030877e+05
  -2.5473805179317674e+05   1.0870659924239082e+04   9.5580809426190128e+04   1.4892693989606018e+05   0.0000000000000000e+00   0.0000000000000000e+00   9.2129629668040224e+05
  -2.7018568524741416e+05   3.7801575449159968e+03   9.3465812377338530e+04   1.5944587474942731e+05   0.0000000000000000e+00   0.0000000000000000e+00   8.8929695570546808e+05
  -2.8571368433049577e+05  -3.2439299107287397e+03   9.1340197769741688e+04   1.7004443331542891e+05   0.0000000000000000e+00   0.0000000000000000e+00   8.5704620928566635e+05
  -3.0131716441436141e+05  -1.0197482532629941e+04   8.9203420275763710e+04   1.8072190574182407e+05   0.0000000000000000e+00   0.0000000000000000e+00   8.2455134262059582e+05
  -3.1699101479281287e+05  -1.7076419656615064e+04   8.7054872127730792e+04   1.9147751712949522e+05   0.0000000000000000e+00   0.0000000000000000e+00   7.9181991936918558e+05
  -3.3272989171064564e+05  -2.3876711525095481e+04   8.4893881851783954e+04   2.0231042685603345e+05   0.0000000000000000e+00   0.0000000000000000e+00   7.5885977905831370e+05
  -3.4852821131333342e+05  -3.0594391358180561e+04   8.2719713201321341e+04   2.1321972790179966e+05   0.0000000000000000e+00   0.0000000000000000e+00   7.2567903419664339e+05
  -3.6438014253653790e+05  -3.7225567813464018e+04   8.0531564308846937e+04   2.2420444617887566e+05   0.0000000000000000e+00   0.0000000000000000e+00   6.9228606710501865e+05
  -3.8027959995640878e+05  -4.3766437809375733e+04   7.8328567075466955e+04   2.3526353986308738e+05   0.0000000000000000e+00   0.0000000000000000e+00   6.5868952647178806e+05
  -3.9622023662509501e+05  -5.0213299684069760e+04   7.6109786817443310e+04   2.4639589873063375e+05   0.0000000000000000e+00   0.0000000000000000e+00   6.2489832364887500e+05
  -4.1219543691846117e+05  -5.6562566659913980e+04   7.3874222188999542e+04   2.5760034350075063e+05   0.0000000000000000e+00   0.0000000000000000e+00   5.9092162869520020e+05
  -4.2819830942430004e+05  -6.2810780579155005e+04   7.1620805400640005e+04   2.6887562518561131e+05   0.0000000000000000e+00   0.0000000000000000e+00   5.5676886618313228e+05
  -4.4422167990302143e+05  -6.8954625873822893e+04   6.9348402752458453e+04   2.8022042444963910e+05   0.0000000000000000e+00   0.0000000000000000e+00   5.2244971078301803e+05
  -4.6025808435174555e+05  -7.4990943729726292e+04   6.7055815500352648e+04   2.9163335097821080e+05   0.0000000000000000e+00   0.0000000000000000e+00   4.8797408263305167e+05
  -4.7629976221473428e+05  -8.0916746401978759e+04   6.4741781074942533e+04   3.0311294286264805e+05   0.0000000000000000e+00   0.0000000000000000e+00   4.5335214251780766e+05
  -4.9233864977102028e+05  -8.6729231634443189e+04   6.2404974669565301e+04   3.1465766599835950e+05   0.0000000000000000e+00   0.0000000000000000e+00   4.1859428686068510e+05
  -5.2437424519096385e+05  -9.8004055049562099e+04   5.7657447762900061e+04   3.3793600515769760e+05   0.0000000000000000e+00   0.0000000000000000e+00   3.4871356163020199e+05
  -5.5629406181913614e+05  -1.0879725534620519e+05   5.2801476863940756e+04   3.6145463017408963e+05   0.0000000000000000e+00   0.0000000000000000e+00   3.4168189642195840e+05
  -5.8802206323040742e+05  -1.1909456330070528e+05   4.7824477987078077e+04   3.8519861299945466e+05   0.0000000000000000e+00   0.0000000000000000e+00   3.7556516978977097e+05
  -6.1947683252100425e+05  -1.2888604662783937e+05   4.2713166322675519e+04   4.0915182140306279e+05   0.0000000000000000e+00   0.0000000000000000e+00   4.0990069509027933e+05
  -6.5057145285375463e+05  -1.3816653786138460e+05   3.7453711449090559e+04   4.3329690729153168e+05   0.0000000000000000e+00   0.0000000000000000e+00   4.4461809623097099e+05
  -6.8121342880197079e+05  -1.4693603356416069e+05   3.2031923518046162e+04   4.5761529843876138e+05   0.0000000000000000e+00   0.0000000000000000e+00   4.7963866893008968e+05
  -7.1130465627901070e+05  -1.5520005532467642e+05   2.6433470924678491e+04   4.8208719436457171e+05   0.0000000000000000e+00   0.0000000000000000e+00   5.1487518003013078e+05
  -7.4074144912887900e+05  -1.6296996260150895e+05   2.0644129407324501e+04   5.0669156717436580e+05   0.0000000000000000e+00   0.0000000000000000e+00   5.5023175043204101e+05
  -7.6941463059898571e+05  -1.7026320723045038e+05   1.4650061885858873e+04   5.3140616823078995e+05   0.0000000000000000e+00   0.0000000000000000e+00   5.8560383459682821e+05
  -7.9720969790145487e+05  -1.7710351933834801e+05   8.4381276485229937e+03   5.5620754157116334e+05   0.0000000000000000e+00   0.0000000000000000e+00   6.2087830941212666e+05
  -8.2400706788269419e+05  -1.8352101453566141e+05   1.9962187443153152e+03   5.8107104501723964e+05   0.0000000000000000e+00   0.0000000000000000e+00   6.5593368478253868e+05
  -8.4968241142970556e+05  -1.8955221260525074e+05  -4.6863793572470722e+03   6.0597087993091892e+05   0.0000000000000000e+00   0.0000000000000000e+00   6.9064044753681403e+05
  -8.7410708364196366e+05  -1.9523995849018914e+05  -1.1618606602669475e+04   6.3088013056051615e+05   0.0000000000000000e+00   0.0000000000000000e+00   7.2486154914115916e+05
  -8.9714865595963702e+05  -2.0063323721631337e+05  -1.8807231287136088e+04   6.5577081388019526e+05   0.0000000000000000e+00   0.0000000000000000e+00   7.5845304623281548e+05
  -9.1867155537870782e+05  -2.0578687548433538e+05  -2.6256442517064210e+04   6.8061394076665479e+05   0.0000000000000000e+00   0.0000000000000000e+00   7.9126490116112202e+05
  -9.3853781455752463e+05  -2.1076112402521208e+05  -3.3967438441028695e+04   7.0537958925348776e+05   0.0000000000000000e+00   0.0000000000000000e+00   8.2314194750205136e+05
  -9.5660793508183630e+05  -2.1562111644253391e+05  -4.1938017247862983e+04   7.3003699048904248e+05   0.0000000000000000e+00   0.0000000000000000e+00   8.6566167164044606e+05
  -9.7274186435436248e+05  -2.2043620214432428e+05  -5.0162178617616046e+04   7.5455462785693479e+05   0.0000000000000000e+00   0.0000000000000000e+00   9.1431949653515103e+05
  -9.8680008457759873e+05  -2.2527915309109789e+05  -5.8629743904769821e+04   7.7890034953692835e+05   0.0000000000000000e+00   0.0000000000000000e+00   9.6123154734627344e+05
  -9.9864481009200320e+05  -2.3022524642465342e+05  -6.7326003807433648e+04   8.0304149456294125e+05   0.0000000000000000e+00   0.0000000000000000e+00   1.0062968555232851e+06
  -1.0081412869615473e+06  -2.3535122756746726e+05  -7.6231402608500182e+04   8.2694503219127178e+05   0.0000000000000000e+00   0.0000000000000000e+00   1.0494202434868491e+06
  -1.0151591861957759e+06  -2.4073416105340168e+05  -8.5321268242919410e+04   8.5057771412029769e+05   0.0000000000000000e+00   0.0000000000000000e+00   1.0905129686603006e+06
  -1.0195740794019043e+06  -2.4645017912014059e+05  -9.4565597427826040e+04   8.7390623880959756e+05   0.0000000000000000e+00   0.0000000000000000e+00   1.1294933311341815e+06
  -1.0212689830403088e+06  -2.5257314091314119e+05  -1.0392890487462212e+05   8.9689742684430338e+05   0.0000000000000000e+00   0.0000000000000000e+00   1.1662872364284806e+06
  -1.0201359548473536e+06  -2.5917321795390386e+05  -1.1337014516779373e+05   9.1951840597546194e+05   0.0000000000000000e+00   0.0000000000000000e+00   1.2119536669867798e+06
  -1.0160777234544356e+06  -2.6631542424759339e+05  -1.2284271523470644e+05   9.4173680414001946e+05   0.0000000000000000e+00   0.0000000000000000e+00   1.2597940261978679e+06
  -1.0090093298674627e+06  -2.7405811198445148e+05  -1.3229454444281495e+05   9.6352094846443925e+05   0.0000000000000000e+00   0.0000000000000000e+00   1.3052438475373227e+06
  -9.9885975729921472e+05  -2.8245145614306827e+05  -1.4166827824184630e+05   9.8484006794950762e+05   0.0000000000000000e+00   0.0000000000000000e+00   1.3481927442317074e+06
  -9.8557352397186996e+05  -2.9153595336668141e+05  -1.5090155992835262e+05   1.0056644972583947e+06   0.0000000000000000e+00   0.0000000000000000e+00   1.3885334883638145e+06
  -9.6911221199364960e+05  -3.0134096218575590e+05  -1.5992741356370322e+05   1.0259658787974576e+06   0.0000000000000000e+00   0.0000000000000000e+00   1.4261625696815546e+06
  -9.4945590428854886e+05  -3.1188331292024761e+05  -1.6867472933582409e+05   1.0457173600530592e+06   0.0000000000000000e+00   0.0000000000000000e+00   1.4609807952096062e+06
  -9.2660450096215808e+05  -3.2316601637511927e+05  -1.7706885076094561e+05   1.0648937830236494e+06   0.0000000000000000e+00   0.0000000000000000e+00   1.4928939273577479e+06
  -9.0057888637366192e+05  -3.3517710065773968e+05  -1.8503226108924337e+05   1.0834718624668743e+06   0.0000000000000000e+00   0.0000000000000000e+00   1.5218133569165496e+06
  -8.7142191867784772e+05  -3.4788860507306340e+05  -1.9248536415958923e+05   1.1014303496570580e+06   0.0000000000000000e+00   0.0000000000000000e+00   1.5476568060354383e+06
  -8.3919921470003983e+05  -3.6125575904977426e+05  -1.9934735278266997e+05   1.1187501783895753e+06   0.0000000000000000e+00   0.0000000000000000e+00   1.5703490549641536e+06
  -8.0399970472659473e+05  -3.7521637239278649e+05  -2.0553715556366293e+05   1.1354145900735231e+06   0.0000000000000000e+00   0.0000000000000000e+00   1.5898226850329773e+06
  -7.6593593416323804e+05  -3.8969046084957826e+05  -2.1097445096347950e+05   1.1514092349516237e+06   0.0000000000000000e+00   0.0000000000000000e+00   1.6060188291276537e+06
  -7.2514409199029999e+05  -4.0458012801472732e+05  -2.1558073538547815e+05   1.1667222467380862e+06   0.0000000000000000e+00   0.0000000000000000e+00   1.6188879197531091e+06
  -6.8178374954971415e+05  -4.1976972103026701e+05  -2.1928043023076997e+05   1.1813442883321149e+06   0.0000000000000000e+00   0.0000000000000000e+00   1.6283904238225971e+06
  -6.3603729732237465e+05  -4.3512627337738441e+05  -2.2200201122326194e+05   1.1952685666480707e+06   0.0000000000000000e+00   0.0000000000000000e+00   1.6344975524300295e+06
  -5.8810907202117320e+05  -4.5050024340645492e+05  -2.2367914194185750e+05   1.2084908151252212e+06   0.0000000000000000e+00   0.0000000000000000e+00   1.6371919333010879e+06
  -5.3822417136612185e+05  -4.6572655214057188e+05  -2.2425179243033665e+05   1.2210092429811500e+06   0.0000000000000000e+00   0.0000000000000000e+00   1.6364682331733741e+06
  -4.8662695932369767e+05  -4.8062591846339440e+05  -2.2366732305752384e+05   1.2328244509026709e+06   0.0000000000000000e+00   0.0000000000000000e+00   1.6323337172905661e+06
  -4.3357927020071447e+05  -4.9500648411847453e+05  -2.2188151347781948e+05   1.2439393134688211e+06   0.0000000000000000e+00   0.0000000000000000e+00   1.6248087333082533e+06
  -3.7935832572581916e+05  -5.0866571516741655e+05  -2.1885951664619549e+05   1.2543588292756674e+06   0.0000000000000000e+00   0.0000000000000000e+00   1.6139271073973139e+06
  -3.2425438496787025e+05  -5.2139256077047560e+05  -2.1457671837086216e+05   1.2640899403834364e+06   0.0000000000000000e+00   0.0000000000000000e+00   1.5997364410616753e+06
  -2.6856815252119169e+05  -5.3296984452151461e+05  -2.0901948386090010e+05   1.2731413233702374e+06   0.0000000000000000e+00   0.0000000000000000e+00   1.5822982982486901e+06
  -2.1260797569072386e+05  -5.4317685821081046e+05  -2.0218577413362273e+05   1.2815231549090336e+06   0.0000000000000000e+00   0.0000000000000000e+00   1.5616882736626933e+06
  -1.5668686630842258e+05  -5.5179212294703256e+05  -1.9408561697709840e+05   1.2892468553884733e+06   0.0000000000000000e+00   0.0000000000000000e+00   1.5379959348092633e+06
  -1.0111938717456747e+05  -5.5859627815952874e+05  -1.8474141938392245e+05   1.2963248146291622e+06   0.0000000000000000e+00   0.0000000000000000e+00   1.5113246321282743e+06
  -4.6218446831660913e+04  -5.6337505525591969e+05  -1.7418811095148890e+05   1.3027701042203100e+06   0.0000000000000000e+00   0.0000000000000000e+00   1.4817911736294492e+06
   7.7079506661695432e+03  -5.6592228973805311e+05  -1.6247311063193509e+05   1.3085961814063517e+06   0.0000000000000000e+00   0.0000000000000000e+00   1.4495253626815360e+06
   6.0359952222498709e+04  -5.6604292344478506e+05  -1.4965611234541866e+05   1.3138165897138221e+06   0.0000000000000000e+00   0.0000000000000000e+00   1.4146693999004890e+06
   1.1144904845711520e+05  -5.6355594741286186e+05  -1.3580868829223371e+05   1.3184446617218556e+06   0.0000000000000000e+00   0.0000000000000000e+00   1.3773771525144370e+06
   1.6070116259808236e+05  -5.5829723563406779e+05  -1.2101371222482005e+05   1.3224932294366595e+06   0.0000000000000000e+00   0.0000000000000000e+00   1.3617005762864645e+06
   2.0785958615115576e+05  -5.5012222079589742e+05  -1.0536460840223520e+05   1.3259743476847697e+06   0.0000000000000000e+00   0.0000000000000000e+00   1.3814311065877667e+06
   2.5268771379820604e+05  -5.3890836491449003e+05  -8.8964435362440287e+04   1.3288990357756584e+06   0.0000000000000000e+00   0.0000000000000000e+00   1.3967876405773878e+06
   2.9497153277928010e+05  -5.2455738059089379e+05  -7.1924816933247508e+04   1.3312770423986465e+06   0.0000000000000000e+00   0.0000000000000000e+00   1.4076442825153153e+06
   3.3452182576142275e+05  -5.0699716239033086e+05  -5.4364735980292768e+04   1.3331166383249273e+06   0.0000000000000000e+00   0.0000000000000000e+00   1.4139120969844605e+06
   3.7117605082067166e+05  -4.8618339248706488e+05  -3.6409209185162588e+04   1.3344244409622217e+06   0.0000000000000000e+00   0.0000000000000000e+00   1.4155404527098364e+06
   4.0479986758400721e+05  -4.6210079016431014e+05  -1.8187863593100024e+04   1.3352052742364565e+06   0.0000000000000000e+00   0.0000000000000000e+00   1.4125178533857074e+06
   4.3528828466470446e+05  -4.3476398086061480e+05   1.6656229906642488e+02   1.3354620665777540e+06   0.0000000000000000e+00   0.0000000000000000e+00   1.4050516453338661e+06
   4.6256641015898040e+05  -4.0421796710487729e+05   1.8519768573934540e+04   1.3351957890363387e+06   0.0000000000000000e+00   0.0000000000000000e+00   1.4126139338083614e+06
   4.8658979401125375e+05  -3.7053819073402829e+05   3.6737469634923793e+04   1.3344054347703604e+06   0.0000000000000000e+00   0.0000000000000000e+00   1.4155523502450031e+06
   5.0734435833518737e+05  -3.3383018307195342e+05   5.4686969711650563e+04   1.3330880403139479e+06   0.0000000000000000e+00   0.0000000000000000e+00   1.4138396691758549e+06
   5.2484591914567212e+05  -2.9422880711600138e+05   7.2238712187923375e+04   1.3312387482017111e+06   0.0000000000000000e+00   0.0000000000000000e+00   1.4074881006410252e+06
   5.3913931023762317e+05  -2.5189710305342704e+05   8.9267777358477877e+04   1.3288509096948309e+06   0.0000000000000000e+00   0.0000000000000000e+00   1.3965489792657534e+06
   5.5029712699584663e+05  -2.0702475546528379e+05   1.0565530429799920e+05   1.3259162255698324e+06   0.0000000000000000e+00   0.0000000000000000e+00   1.3811119239615342e+06
   5.5841811455366225e+05  -1.5982620719637669e+05   1.2128981410355773e+05   1.3224249221662267e+06   0.0000000000000000e+00   0.0000000000000000e+00   1.3613034850092032e+06
   5.6362523082690046e+05  -1.1053845095506219e+05   1.3606841381353507e+05   1.3183659592325953e+06   0.0000000000000000e+00   0.0000000000000000e+00   1.3780739152689637e+06
   5.6606342036404833e+05  -5.9418535102849411e+04   1.4989786275655887e+05   1.3137272654929170e+06   0.0000000000000000e+00   0.0000000000000000e+00   1.4153234320264123e+06
   5.6589713958987454e+05  -6.7408247076224934e+03   1.6269548588544939e+05   1.3084959973581540e+06   0.0000000000000000e+00   0.0000000000000000e+00   1.4501337759049633e+06
   5.6330767777396878e+05   4.7205937333181544e+04   1.7438992173374622e+05   1.3026588158153321e+06   0.0000000000000000e+00   0.0000000000000000e+00   1.4823512839091369e+06
   5.5849032085765409e+05   1.0212172151063652e+05   1.8492169592072288e+05   1.2962021762424964e+06   0.0000000000000000e+00   0.0000000000000000e+00   1.5118339740512099e+06
   5.5165140707259136e+05   1.5769840588395097e+05   1.9424361454407327e+05   1.2891126257242353e+06   0.0000000000000000e+00   0.0000000000000000e+00   1.5384522736263420e+06
   5.4300532407998550e+05   2.1362302306004899e+05   2.0232097526215418e+05   1.2813771024116965e+06   0.0000000000000000e+00   0.0000000000000000e+00   1.5620896148817379e+06
   5.3277149712870014e+05   2.6958101003787969e+05   2.0913159729271321e+05   1.2729832315331551e+06   0.0000000000000000e+00   0.0000000000000000e+00   1.5826428947537944e+06
   5.2117141652620916e+05   3.2525941217965825e+05   2.1466567487051498e+05   1.2639196128513622e+06   0.0000000000000000e+00   0.0000000000000000e+00   1.6000227977494062e+06
   5.0842575058198080e+05   3.8034999469475442e+05   2.1892546183866449e+05   1.2541760946658610e+06   0.0000000000000000e+00   0.0000000000000000e+00   1.6141539833888435e+06
   4.9475158717992110e+05   4.3455221798782283e+05   2.2192479792559025e+05   1.2437440298277312e+06   0.0000000000000000e+00   0.0000000000000000e+00   1.6249751418150365e+06
   4.8035984338739887e+05   4.8757603695187153e+05   2.2368848983619432e+05   1.2326165097307013e+06   0.0000000000000000e+00   0.0000000000000000e+00   1.6324389232549425e+06
   4.6545287808297802e+05   5.3914448865826603e+05   2.2425156249804128e+05   1.2207885727650917e+06   0.0000000000000000e+00   0.0000000000000000e+00   1.6365117488332691e+06
   4.5022233763720677e+05   5.8899603780551581e+05   2.2365839762778502e+05   1.2082573843343141e+06   0.0000000000000000e+00   0.0000000000000000e+00   1.6371735118595297e+06
   4.3484725931380154e+05   6.3688665459473291e+05   2.2196177818200458e+05   1.1950223861581504e+06   0.0000000000000000e+00   0.0000000000000000e+00   1.6344171800310502e+06
   4.1949245142112742e+05   6.8259160528363683e+05   2.1922185822124666e+05   1.1810854132498670e+06   0.0000000000000000e+00   0.0000000000000000e+00   1.6282483100399305e+06
   4.0430716346687934e+05   7.2590694139494677e+05   2.1550507824179361e+05   1.1664507776210564e+06   0.0000000000000000e+00   0.0000000000000000e+00   1.6186844868312697e+06
   3.8942405377903057e+05   7.6665067928676284e+05   2.1088304611993246e+05   1.1511253184190288e+06   0.0000000000000000e+00   0.0000000000000000e+00   1.6057547001979388e+06
   3.7495845638444461e+05   8.0466366740638448e+05   2.0543140348850816e+05   1.1351184188212901e+06   0.0000000000000000e+00   0.0000000000000000e+00   1.5894986715404731e+06
   3.6100794351314951e+05   8.3981014395479404e+05   1.9922869665849177e+05   1.1184419906306774e+06   0.0000000000000000e+00   0.0000000000000000e+00   1.5699661435329281e+06
   3.4765217499397387e+05   8.7197799272714078e+05   1.9235527012654117e+05   1.1011104280213455e+06   0.0000000000000000e+00   0.0000000000000000e+00   1.5472161449947357e+06
   3.3495302116232464e+05   9.0107870954356645e+05   1.8489219933805420e+05   1.0831405323925507e+06   0.0000000000000000e+00   0.0000000000000000e+00   1.5213162426820141e+06
   3.2295494175830134e+05   9.2704709581700771e+05   1.7692027773406403e+05   1.0645514106957596e+06   0.0000000000000000e+00   0.0000000000000000e+00   1.4923417908713408e+06
   3.1168559972518776e+05   9.4984069937537541e+05   1.6851907125629377e+05   1.0453643499316606e+06   0.0000000000000000e+00   0.0000000000000000e+00   1.4603751885936437e+06
   3.0115668587853306e+05   9.6943902564649621e+05   1.5976605147692899e+05   1.0256026707985384e+06   0.0000000000000000e+00   0.0000000000000000e+00   1.4255051532645253e+06
   2.9136492811051483e+05   9.8584254465009645e+05   1.5073581640057958e+05   1.0052915636405232e+06   0.0000000000000000e+00   0.0000000000000000e+00   1.3878260181952447e+06
   2.8229325715550379e+05   9.9907152096756012e+05   1.4149940582156691e+05   9.8445790997035149e+05   0.0000000000000000e+00   0.0000000000000000e+00   1.3474370601921075e+06
   2.7391209994630702e+05   1.0091646949331401e+06   1.3212371595095992e+05   9.6313009286362317e+05   0.0000000000000000e+00   0.0000000000000000e+00   1.3044418621171233e+06
   2.6618077123266616e+05   1.0161778437838929e+06   1.2267101591249260e+05   9.4133779950837290e+05   0.0000000000000000e+00   0.0000000000000000e+00   1.2589477139983531e+06
   2.5904893435741746e+05   1.0201822513781927e+06   1.1319856667539560e+05   9.1911181906771020e+05   0.0000000000000000e+00   0.0000000000000000e+00   1.2110650549762473e+06
   2.5245810287522711e+05   1.0212631144860233e+06   1.0375834110046578e+05   8.9648383888655913e+05   0.0000000000000000e+00   0.0000000000000000e+00   1.1656400960909524e+06
   2.4634315596785815e+05   1.0195179125236381e+06   9.4396842038659204e+04   8.7348624185076857e+05   0.0000000000000000e+00   0.0000000000000000e+00   1.1288059423089598e+06
   2.4063384232080792e+05   1.0150547660897638e+06   8.5155013879187347e+04   8.5015190747554635e+05   0.0000000000000000e+00   0.0000000000000000e+00   1.0897866037642006e+06
   2.3525624918962078e+05   1.0079908077599882e+06   7.6068241605704854e+04   8.2651401900839759e+05   0.0000000000000000e+00   0.0000000000000000e+00   1.0486563175135194e+06
   2.3013421575149309e+05   9.9845058645206946e+05   6.7166430308122173e+04   8.0260587855370378e+05   0.0000000000000000e+00   0.0000000000000000e+00   1.0054969162920346e+06
   2.2519067241195557e+05   9.8656452427630767e+05   5.8474157210286365e+04   7.7846073189765972e+05   0.0000000000000000e+00   0.0000000000000000e+00   9.6039726486304076e+05
   2.2034889046363582e+05   9.7246744225791411e+05   5.0010887618746601e+04   7.5411160439632903e+05   0.0000000000000000e+00   0.0000000000000000e+00   9.1345265161070041e+05
   2.1553362930249152e+05   9.5629716872555634e+05   4.1791245769384404e+04   7.2959114898702234e+05   0.0000000000000000e+00   0.0000000000000000e+00   8.6476414393608354e+05
   2.1067217121738996e+05   9.3819324150822754e+05   3.3825331331005371e+04   7.0493150705651566e+05   0.0000000000000000e+00   0.0000000000000000e+00   8.2257333108654199e+05
   2.0569523654391503e+05   9.1829571251333749e+05   2.6119072314492343e+04   6.8016418262595730e+05   0.0000000000000000e+00   0.0000000000000000e+00   7.9067793227653089e+05
   2.0053777464082351e+05   8.9674406075303582e+05   1.8674605306071448e+04   6.5531993003753270e+05   0.0000000000000000e+00   0.0000000000000000e+00   7.5785057696974103e+05
   1.9513962866524665e+05   8.7367621750208631e+05   1.1490674277567028e+04   6.3042865507176181e+05   0.0000000000000000e+00   0.0000000000000000e+00   7.2424634819018212e+05
   1.8944607446541727e+05   8.4922770510014088e+05   4.5630397052915150e+03   6.0551932922913635e+05   0.0000000000000000e+00   0.0000000000000000e+00   6.9001518120219349e+05
   1.8340823601877800e+05   8.2353088887416106e+05  -2.1151096778829783e+03   5.8061991669586732e+05   0.0000000000000000e+00   0.0000000000000000e+00   6.5530090101010376e+05
   1.7698338172967121e+05   7.9671433990814525e+05  -8.5527494814103866e+03   5.5575731338357192e+05   0.0000000000000000e+00   0.0000000000000000e+00   6.2024042477429344e+05
   1.7013510751499541e+05   7.6890230480994144e+05  -1.4760622832417384e+04   5.3095729728604993e+05   0.0000000000000000e+00   0.0000000000000000e+00   5.8496312411564018e+05
   1.6283341396809998e+05   7.4021427733318554e+05  -2.0750859545331135e+04   5.0624448931493255e+05   0.0000000000000000e+00   0.0000000000000000e+00   5.4959034009421105e+05
   1.5505468598157726e+05   7.1076466564519773e+05  -2.6536615871184542e+04   4.8164232370973250e+05   0.0000000000000000e+00   0.0000000000000000e+00   5.1423504181699560e+05
   1.4678158403925219e+05   6.8066254819687491e+05  -3.2131738574699775e+04   4.5717302707598219e+05   0.0000000000000000e+00   0.0000000000000000e+00   4.7900161815963208e+05
   1.3800285696791182e+05   6.5001151055794174e+05  -3.7550456262724678e+04   4.3285760509785858e+05   0.0000000000000000e+00   0.0000000000000000e+00   4.4398579099392920e+05
   1.2871308628151043e+05   6.1890955519480503e+05  -4.2807100092963527e+04   4.0871583598116471e+05   0.0000000000000000e+00   0.0000000000000000e+00   4.0927463755243982e+05
   1.1891237237360585e+05   5.8744907597980101e+05  -4.7915855239861245e+04   3.8476626971092937e+05   0.0000000000000000e+00   0.0000000000000000e+00   3.7494670912514557e+05
   1.0860597274020431e+05   5.5571688921141345e+05  -5.2890543796515412e+04   3.6102623225354753e+05   0.0000000000000000e+00   0.0000000000000000e+00   3.4107223314099648e+05
   9.7803902167308028e+04   5.2379431308274635e+05  -5.7744439157116729e+04   3.3751183389811829e+05   0.0000000000000000e+00   0.0000000000000000e+00   3.4998430648889882e+05
   8.6520504414501585e+04   4.9175728780109447e+05  -6.2490111358338116e+04   3.1423798098826502e+05   0.0000000000000000e+00   0.0000000000000000e+00   4.1985672061958653e+05
   7.4774004405811691e+04   4.5967652897791163e+05  -6.7139302365579875e+04   2.9121839038567332e+05   0.0000000000000000e+00   0.0000000000000000e+00   4.8922664847072063e+05
   6.2586049308168847e+04   4.2761770737780188e+05  -7.1702829872939110e+04   2.6846560607487854e+05   0.0000000000000000e+00   0.0000000000000000e+00   5.5801007413687825e+05
   4.9981246175531094e+04   3.9564164867466519e+05  -7.6190517843450754e+04   2.4599101740449015e+05   0.0000000000000000e+00   0.0000000000000000e+00   6.2612675356384134e+05
   3.6986703079901898e+04   3.6380454746482964e+05  -8.0611151746488424e+04   2.2380487854063878e+05   0.0000000000000000e+00   0.0000000000000000e+00   6.9350037136873393e+05
   2.3631579855405944e+04   3.3215819041214092e+05  -8.4972456252069096e+04   2.0191632878287460e+05   0.0000000000000000e+00   0.0000000000000000e+00   7.6005868509527249e+05
   9.9466537799202852e+03   3.0075018404389091e+05  -8.9281093006793948e+04   1.8033341346853660e+05   0.0000000000000000e+00   0.0000000000000000e+00   8.2573365510780155e+05
  -4.0360952878905719e+03   2.6962418335056194e+05  -9.3542676046139371e+04   1.5906310525596936e+05   0.0000000000000000e+00   0.0000000000000000e+00   8.9046155848587374e+05
  -1.8283876579210835e+04   2.3882011796611265e+05  -9.7761802378416527e+04   1.3811132564106496e+05   0.0000000000000000e+00   0.0000000000000000e+00   9.5418308542763558e+05
  -3.2763453912090623e+04   2.0837441329317144e+05  -1.0194209530690676e+05   1.1748296661061869e+05   0.0000000000000000e+00   0.0000000000000000e+00   1.0168434168697014e+06
  -4.7441482745656722e+04   1.7832020449687535e+05  -1.0608625812917062e+05   9.7181912384903728e+04   0.0000000000000000e+00   0.0000000000000000e+00   1.0783922822470772e+06
  -6.2284817182473489e+04   1.4868754180528061e+05  -1.1019613595819125e+05   7.7211061239312257e+04   0.0000000000000000e+00   0.0000000000000000e+00   1.1387839965249845e+06
  -7.7260785920817259e+04   1.1950358601388344e+05  -1.1427278354633987e+05   5.7572347422877509e+04   0.0000000000000000e+00   0.0000000000000000e+00   1.1979774758846476e+06
  -9.2337436700735998e+04   9.0792793514790872e+04  -1.1831653714873530e+05   3.8266763219149165e+04   0.0000000000000000e+00   0.0000000000000000e+00   1.2559362316588936e+06
  -1.0748374927766825e+05   6.2577090524123108e+04  -1.2232708863653769e+05   1.9294381206009479e+04   0.0000000000000000e+00   0.0000000000000000e+00   1.3126283423613505e+06
  -1.2266981737376649e+05   3.4876036498773079e+04  -1.2630356025229782e+05   6.5437678627911635e+02   0.0000000000000000e+00   0.0000000000000000e+00   1.3680264038543855e+06
  -1.3786700042027878e+05   7.7069769892275808e+03  -1.3024457858924898e+05  -1.7654948936927205e+04   0.0000000000000000e+00   0.0000000000000000e+00   1.4221074579289577e+06
  -1.5304804620201312e+05  -1.8914813615548872e+04  -1.3414834656504923e+05  -3.5636145865634884e+04   0.0000000000000000e+00   0.0000000000000000e+00   1.4748528997548218e+06
  -1.6818718575335006e+05  -4.4975998827423326e+04  -1.3801271234599783e+05  -5.3292591120242738e+04   0.0000000000000000e+00   0.0000000000000000e+00   1.5262483648261626e+06
  -1.8326020204636490e+05  -7.0465055537656575e+04  -1.4183523436074005e+05  -7.0628464695374874e+04   0.0000000000000000e+00   0.0000000000000000e+00   1.5762835962130832e+06
  -1.9824447414334634e+05  -9.5372157406608545e+04  -1.4561324171052643e+05  -8.7648724501069446e+04   0.0000000000000000e+00   0.0000000000000000e+00   1.6249522930272424e+06
  -2.1311899858134947e+05  -1.1968906528438099e+05  -1.4934388944702770e+05  -1.0435908074183023e+05   0.0000000000000000e+00   0.0000000000000000e+00   1.6722519411555931e+06
  -2.2786438980339313e+05  -1.4340902376018654e+05  -1.5302420833491892e+05  -1.2076596959592192e+05   0.0000000000000000e+00   0.0000000000000000e+00   1.7181836273832712e+06
  -2.4246286146751943e+05  -1.6652666294310580e+05  -1.5665114885289880e+05  -1.3687652616774829e+05   0.0000000000000000e+00   0.0000000000000000e+00   1.7627518381080190e+06
  -2.5689819044831666e+05  -1.8903790459907439e+05  -1.6022161930741265e+05  -1.5269855669570764e+05   0.0000000000000000e+00   0.0000000000000000e+00   1.8059642438911002e+06
  -2.7115566530257277e+05  -2.1093987181145055e+05  -1.6373251803967659e+05  -1.6824051000631892e+05   0.0000000000000000e+00   0.0000000000000000e+00   1.8478314711074485e+06
  -2.8522202090869646e+05  -2.3223080138267376e+05  -1.6718075980050833e+05  -1.8351144821169964e+05   0.0000000000000000e+00   0.0000000000000000e+00   1.8883668619761332e+06
  -2.9908536090810457e+05  -2.5290995825866758e+05  -1.7056329644562490e+05  -1.9852101665240445e+05   0.0000000000000000e+00   0.0000000000000000e+00   1.9275862242295672e+06
  -3.1273506948441267e+05  -2.7297755132473214e+05  -1.7387713217047974e+05  -2.1327941308993928e+05   0.0000000000000000e+00   0.0000000000000000e+00   1.9655075716560902e+06
  -3.2616171391443250e+05  -2.9243464999293681e+05  -1.7711933355743147e+05  -2.2779735615310096e+05   0.0000000000000000e+00   0.0000000000000000e+00   2.0021508567073538e+06
  -3.3935693921675574e+05  -3.1128310107256979e+05  -1.8028703475016035e+05  -2.4208605303863875e+05   0.0000000000000000e+00   0.0000000000000000e+00   2.0375376963047022e+06
  -3.5231335611675453e+05  -3.2952544548837334e+05  -1.8337743810353734e+05  -2.5615716646285384e+05   0.0000000000000000e+00   0.0000000000000000e+00   2.0716910919269430e+06
  -3.6502442343419843e+05  -3.4716483447804797e+05  -1.8638781067841683e+05  -2.7002278085051331e+05   0.0000000000000000e+00   0.0000000000000000e+00   2.1046351449713819e+06
  -3.7748432589640090e+05  -3.6420494496507989e+05  -1.8931547696732116e+05  -2.8369536773667659e+05   0.0000000000000000e+00   0.0000000000000000e+00   2.1363947683235263e+06
  -3.8968784827903414e+05  -3.8064989386819548e+05  -1.9215780824465075e+05  -2.9718775034496357e+05   0.0000000000000000e+00   0.0000000000000000e+00   2.1669953949869061e+06
  -4.0163024668040028e+05  -3.9650415115753177e+05  -1.9491220893622018e+05  -3.1051306728603697e+05   0.0000000000000000e+00   0.0000000000000000e+00   2.1964626845392464e+06
  -4.1330711765581323e+05  -4.1177245152872137e+05  -1.9757610040364534e+05  -3.2368473530741455e+05   0.0000000000000000e+00   0.0000000000000000e+00   2.2248222281381120e+06
  -4.2471426585487236e+05  -4.2645970460156666e+05  -2.0014690252748475e+05  -3.3671641099679779e+05   0.0000000000000000e+00   0.0000000000000000e+00   2.2520992526802695e+06
  -4.3584757075126690e+05  -4.4057090360400284e+05  -2.0262201346983676e+05  -3.4962195132798696e+05   0.0000000000000000e+00   0.0000000000000000e+00   2.2783183247173754e+06
  -4.4670285299658176e+05  -4.5411103253450728e+05  -2.0499878798239815e+05  -3.6241537290872878e+05   0.0000000000000000e+00   0.0000000000000000e+00   2.3035030546460166e+06
  -4.5727574089242256e+05  -4.6708497183403414e+05  -2.0727451461393139e+05  -3.7511080976619065e+05   0.0000000000000000e+00   0.0000000000000000e+00   2.3276758016579086e+06
  -4.6756153745488700e+05  -4.7949740263856028e+05  -2.0944639216031868e+05  -3.8772246948329709e+05   0.0000000000000000e+00   0.0000000000000000e+00   2.3508573799373312e+06
  -4.7755508853290282e+05  -4.9135270971675392e+05  -2.1151150568627796e+05  -4.0026458747231704e+05   0.0000000000000000e+00   0.0000000000000000e+00   2.3730667665800760e+06
  -4.8725065244692098e+05  -5.0265488323346083e+05  -2.1346680243553987e+05  -4.1275137914648565e+05   0.0000000000000000e+00   0.0000000000000000e+00   2.3943208117241147e+06
  -4.9664177163608675e+05  -5.1340741952391359e+05  -2.1530906793582431e+05  -4.2519698972861958e+05   0.0000000000000000e+00   0.0000000000000000e+00   2.4146339514356884e+06
  -5.0572114684068551e+05  -5.2361322110875940e+05  -2.1703490259633167e+05  -4.3761544141634379e+05   0.0000000000000000e+00   0.0000000000000000e+00   2.4340179239755394e+06
  -5.1448051439288672e+05  -5.3327449622877559e+05  -2.1864069908510576e+05  -4.5002057759974286e+05   0.0000000000000000e+00   0.0000000000000000e+00   2.4524814901402583e+06
  -5.2291052726395143e+05  -5.4239265824439249e+05  -2.2012262077125188e+05  -4.6242600382049178e+05   0.0000000000000000e+00   0.0000000000000000e+00   2.4700301585469274e+06
  -5.3100064058875281e+05  -5.5096822530626645e+05  -2.2147658150844782e+05  -4.7484502514164202e+05   0.0000000000000000e+00   0.0000000000000000e+00   2.4866659168351013e+06
  -5.3873900249956106e+05  -5.5900072079603130e+05  -2.2269822704040381e+05  -4.8729057960608986e+05   0.0000000000000000e+00   0.0000000000000000e+00   2.5023869700269019e+06
  -5.4611235119811655e+05  -5.6648857511729037e+05  -2.2378291830305103e+05  -4.9977516745156457e+05   0.0000000000000000e+00   0.0000000000000000e+00   2.5171874874430741e+06
  -5.5310591933544318e+05  -5.7342902953873132e+05  -2.2472571690727805e+05  -5.1231077577623131e+05   0.0000000000000000e+00   0.0000000000000000e+00   2.5310573599141389e+06
  -5.5970334689088317e+05  -5.7981804290010908e+05  -2.2552137308448984e+05  -5.2490879835778556e+05   0.0000000000000000e+00   0.0000000000000000e+00   2.5439819692592015e+06
  -5.6588660390092549e+05  -5.8565020214218018e+05  -2.2616431638901756e+05  -5.3757995037431153e+05   0.0000000000000000e+00   0.0000000000000000e+00   2.5559419724011035e+06
  -5.7163592453865136e+05  -5.9091863777148491e+05  -2.2664864945755646e+05  -5.5033417781932210e+05   0.0000000000000000e+00   0.0000000000000000e+00   2.5669131028370615e+06
  -5.7692975419705315e+05  -5.9561494553374860e+05  -2.2696814513289783e+05  -5.6318056146046403e+05   0.0000000000000000e+00   0.0000000000000000e+00   2.5768659925596723e+06
  -5.8174471140260529e+05  -5.9972911576664262e+05  -2.2711624727476150e+05  -5.7612721528416243e+05   0.0000000000000000e+00   0.0000000000000000e+00   2.5857660180074787e+06
  -5.8605556652740657e+05  -6.0324947208148020e+05  -2.2708607558533465e+05  -5.8918117945349216e+05   0.0000000000000000e+00   0.0000000000000000e+00   2.5935731740089054e+06
  -5.8983523942365625e+05  -6.0616262123852456e+05  -2.2687043479098548e+05  -6.0234830793497432e+05   0.0000000000000000e+00   0.0000000000000000e+00   2.6002419801760996e+06
  -5.9305481823515042e+05  -6.0845341628373216e+05  -2.2646182852990946e+05  -6.1563315108899865e+05   0.0000000000000000e+00   0.0000000000000000e+00   2.6057214246583497e+06
  -5.9568360174073698e+05  -6.1010493521691137e+05  -2.2585247829932394e+05  -6.2903883367462328e+05   0.0000000000000000e+00   0.0000000000000000e+00   2.6099549505635714e+06
  -5.9768916767352028e+05  -6.1109847766643541e+05  -2.2503434782332755e+05  -6.4256692891654395e+05   0.0000000000000000e+00   0.0000000000000000e+00   2.6128804908177019e+06
  -5.9903746948759153e+05  -6.1141358221962128e+05  -2.2399917319766231e+05  -6.5621732948220277e+05   0.0000000000000000e+00   0.0000000000000000e+00   2.6144305575429178e+06
  -5.9969296403420379e+05  -6.1102806721357547e+05  -2.2273849916139306e+05  -6.6998811645195482e+05   0.0000000000000000e+00   0.0000000000000000e+00   2.6145323923328691e+06
  -5.9961877253507462e+05  -6.0991809790647996e+05  -2.2124372183014182e+05  -6.8387542761796270e+05   0.0000000000000000e+00   0.0000000000000000e+00   2.6131081839877553e+06
  -5.9877687709210603e+05  -6.0805828300958907e+05  -2.1950613819971081e+05  -6.9787332671516121e+05   0.0000000000000000e+00   0.0000000000000000e+00   2.6100753603193718e+06
  -5.9712835473987053e+05  -6.0542180355527194e+05  -2.1751700269102826e+05  -7.1197367546953191e+05   0.0000000000000000e+00   0.0000000000000000e+00   2.6053469605241371e+06
  -5.9463365072600823e+05  -6.0198057699452434e+05  -2.1526759095844181e+05  -7.2616601064535056e+05   0.0000000000000000e+00   0.0000000000000000e+00   2.5988320943519156e+06
  -5.9125289226707548e+05  -5.9770545922810282e+05  -2.1274927111383426e+05  -7.4043742856071156e+05   0.0000000000000000e+00   0.0000000000000000e+00   2.5904364937612610e+06
  -5.8694624348271976e+05  -5.9256648698069213e+05  -2.0995358243467307e+05  -7.5477247982578503e+05   0.0000000000000000e+00   0.0000000000000000e+00   2.5800631619862206e+06
  -5.8167430154292367e+05  -5.8653316250145203e+05  -2.0687232151848939e+05  -7.6915307732736424e+05   0.0000000000000000e+00   0.0000000000000000e+00   2.5676131238952870e+06
  -5.7539853327116882e+05  -5.7957478200893744e+05  -2.0349763571963008e+05  -7.8355842072116130e+05   0.0000000000000000e+00   0.0000000000000000e+00   2.5529862801668663e+06
  -5.6808175052119186e+05  -5.7166080857418443e+05  -1.9982212355175152e+05  -7.9796494087854028e+05   0.0000000000000000e+00   0.0000000000000000e+00   2.5360823660932011e+06
  -5.5968862161791290e+05  -5.6276128927084932e+05  -1.9583894157042631e+05  -8.1234626788636984e+05   0.0000000000000000e+00   0.0000000000000000e+00   2.5168020138588687e+06
  -5.5018621499296417e+05  -5.5284731537695718e+05  -1.9154191704989786e+05  -8.2667322624304483e+05   0.0000000000000000e+00   0.0000000000000000e+00   2.4950479147278741e+06
  -5.3954456991598662e+05  -5.4189152323620638e+05  -1.8692566555477938e+05  -8.4091386088183022e+05   0.0000000000000000e+00   0.0000000000000000e+00   2.4707260749561558e+06
  -5.2773728791022021e+05  -5.2986863205956446e+05  -1.8198571227031824e+05  -8.5503349751039245e+05   0.0000000000000000e+00   0.0000000000000000e+00   2.4437471562589360e+06
  -5.1474213711125759e+05  -5.1675601351827331e+05  -1.7671861571012097e+05  -8.6899484052104061e+05   0.0000000000000000e+00   0.0000000000000000e+00   2.4140278885292634e+06
  -5.0054166048642551e+05  -5.0253428645366390e+05  -1.7112209216186701e+05  -8.8275811133122246e+05   0.0000000000000000e+00   0.0000000000000000e+00   2.3814925391182150e+06
  -4.8512377756449708e+05  -4.8718792847854615e+05  -1.6519513898041353e+05  -8.9628122950694675e+05   0.0000000000000000e+00   0.0000000000000000e+00   2.3460744196214844e+06
  -4.6848236816089327e+05  -4.7070589470261650e+05  -1.5893815459466455e+05  -9.0952003836208268e+05   0.0000000000000000e+00   0.0000000000000000e+00   2.3077174077641275e+06
  -4.5970269521550089e+05  -4.6203692371130968e+05  -1.5568643661583558e+05  -9.1601852585243527e+05   0.0000000000000000e+00   0.0000000000000000e+00   2.2874225407709875e+06
  -4.5061782558531547e+05  -4.5308223234149761e+05  -1.5235305287150151e+05  -9.2242857591216289e+05   0.0000000000000000e+00   0.0000000000000000e+00   2.2663774587747422e+06
  -4.3153756607038528e+05  -4.3431667865505547e+05  -1.4544336929714074e+05  -9.3495939113957703e+05   0.0000000000000000e+00   0.0000000000000000e+00   2.2220240778384651e+06
  -4.1350098154008150e+05  -4.1661595559329947e+05  -1.3900918287162672e+05  -9.4578041218801285e+05   0.0000000000000000e+00   0.0000000000000000e+00   2.1798978403181895e+06
  -3.9452435894614889e+05  -3.9801984312292119e+05  -1.3232574420502404e+05  -9.5622713809312845e+05   0.0000000000000000e+00   0.0000000000000000e+00   2.1353603753188364e+06
  -3.7665890438652009e+05  -3.8052872423157474e+05  -1.2610256615619110e+05  -9.6528006654598587e+05   0.0000000000000000e+00   0.0000000000000000e+00   2.0932237492389008e+06
  -3.5806789941761666e+05  -3.6233614180624060e+05  -1.1968772000098438e+05  -9.7397565099720936e+05   0.0000000000000000e+00   0.0000000000000000e+00   2.0491584823162672e+06
  -3.3877379232334392e+05  -3.4345839369282784e+05  -1.1308729776118221e+05  -9.8228844824772421e+05   0.0000000000000000e+00   0.0000000000000000e+00   2.0031882900551832e+06
  -3.1880254304707167e+05  -3.2391511416301184e+05  -1.0630819766390693e+05  -9.9019338594488683e+05   0.0000000000000000e+00   0.0000000000000000e+00   1.9553449809046004e+06
  -2.9818360139312566e+05  -3.0372932908286870e+05  -9.9358122052734499e+04  -9.9766593870256550e+05   0.0000000000000000e+00   0.0000000000000000e+00   1.9056686203777154e+06
  -2.7694985101245623e+05  -2.8292747979669221e+05  -9.2245568337309625e+04  -1.0046823070447303e+06   0.0000000000000000e+00   0.0000000000000000e+00   1.8542076245560749e+06
  -2.5513751818148379e+05  -2.6153941364784955e+05  -8.4979812694794033e+04  -1.0112195971609715e+06   0.0000000000000000e+00   0.0000000000000000e+00   1.8010187782555532e+06
  -2.3278604491730651e+05  -2.3959833951245266e+05  -7.7570886336046024e+04  -1.0172559993540192e+06   0.0000000000000000e+00   0.0000000000000000e+00   1.7461671741374137e+06
  -2.0993792653545481e+05  -2.1714074722513231e+05  -7.0029544255669971e+04  -1.0227709629423574e+06   0.0000000000000000e+00   0.0000000000000000e+00   1.6897260701020295e+06
  -1.8663851436598433e+05  -1.9420629034994924e+05  -6.2367226504915445e+04  -1.0277453653563658e+06   0.0000000000000000e+00   0.0000000000000000e+00   1.6317766635808954e+06
  -1.6293578495674202e+05  -1.7083763235120720e+05  -5.4596012148466602e+04  -1.0321616731397255e+06   0.0000000000000000e+00   0.0000000000000000e+00   1.5724077826224612e+06
  -1.3888007771537508e+05  -1.4708025685836832e+05  -4.6728566193717314e+04  -1.0360040926137277e+06   0.0000000000000000e+00   0.0000000000000000e+00   1.5117154950661063e+06
  -1.1452380354687996e+05  -1.2298224336718171e+05  -3.8778079908022562e+04  -1.0392587080401316e+06   0.0000000000000000e+00   0.0000000000000000e+00   1.4498026384981787e+06
  -8.9921127619320978e+04  -9.8594010365891474e+04  -3.0758205063460104e+04  -1.0419136052523777e+06   0.0000000000000000e+00   0.0000000000000000e+00   1.3867782750992086e+06
  -6.5127629919120605e+04  -7.3968028501142588e+04  -2.2682982765866986e+04  -1.0439589789002021e+06   0.0000000000000000e+00   0.0000000000000000e+00   1.3227570768553670e+06
  -4.2697124186434652e+04  -5.1646142900569132e+04  -1.5379819512265061e+04  -1.0452723384837130e+06   0.0000000000000000e+00   0.0000000000000000e+00   1.2643844672017489e+06
  -2.0199697116542397e+04  -2.9216073812668823e+04  -8.0540783976879120e+03  -1.0460818159394109e+06   0.0000000000000000e+00   0.0000000000000000e+00   1.2053913732200051e+06
  -7.8628077065769085e+03  -1.6898285137940838e+04  -4.0354748049302320e+03  -1.0463106773795583e+06   0.0000000000000000e+00   0.0000000000000000e+00   1.1728462976921082e+06
   4.4746482718243278e+03  -4.5672354058164974e+03  -1.5089228537495401e+01  -1.0463873687491845e+06   0.0000000000000000e+00   0.0000000000000000e+00   1.1476385254262611e+06
