564 6
-1.11929374030779 -2.76604090446805e-06 2.87437163766028e-06 -1.30051850742914 -0 -0
-1.11929374030779 -2.766038977737e-06 2.87436963546967e-06 -1.30051850742914 -0 -0
-1.11929374030779 -2.7660351242749e-06 2.87436563108845e-06 -1.30051850742914 -0 -0
-1.11929374030779 -2.7660274173507e-06 2.87435762232603e-06 -1.30051850742915 -0 -0
-1.11929374030779 -2.7660120035023e-06 2.87434160480117e-06 -1.30051850742915 -0 -0
-1.11929374030779 -2.76598117580551e-06 2.87430956975146e-06 -1.30051850742915 -0 -0
-1.11929374030779 -2.76591952041192e-06 2.87424549965205e-06 -1.30051850742915 -0 -0
-1.11929374030779 -2.76579620962475e-06 2.87411735945321e-06 -1.30051850742917 -0 -0
-1.11929374030779 -2.76554958805039e-06 2.87386107905555e-06 -1.30051850742919 -0 -0
-1.11929374030779 -2.76505634490168e-06 2.87334851826021e-06 -1.30051850742923 -0 -0
-1.11929374030779 -2.76406985860427e-06 2.87232339666954e-06 -1.30051850742931 -0 -0
-1.11929374030779 -2.76209688600943e-06 2.87027315348819e-06 -1.30051850742947 -0 -0
-1.11929374030778 -2.75815094081974e-06 2.86617266712549e-06 -1.3005185074298 -0 -0
-1.11929374030778 -2.75025905044028e-06 2.85797169440008e-06 -1.30051850743046 -0 -0
-1.11929374030777 -2.73447526968105e-06 2.84156974894915e-06 -1.30051850743177 -0 -0
-1.11929374030775 -2.70290770816134e-06 2.80876585804695e-06 -1.30051850743436 -0 -0
-1.11929374030771 -2.63977258511701e-06 2.74315807624113e-06 -1.30051850743945 -0 -0
-1.11929374030764 -2.51350233900926e-06 2.61194251262403e-06 -1.30051850744928 -0 -0
-1.1192937403075 -2.26096184672171e-06 2.3495113853692e-06 -1.3005185074675 -0 -0
-1.11929374030728 -1.75588086189269e-06 1.82464913078686e-06 -1.30051850749814 -0 -0
-1.11929374030699 -7.45718891493999e-07 7.74924621410155e-07 -1.30051850753631 -0 -0
-1.11929374030711 1.27460505006668e-06 -1.32452439756176e-06 -1.30051850752017 -0 -0
-1.1192937403101 5.31525291864619e-06 -5.52342243134269e-06 -1.30051850711797 -0 -0
-1.11929374031676 9.35590073432235e-06 -9.72232044997889e-06 -1.30051850622252 -0 -0
-1.11929374032708 1.33965484568781e-05 -1.39212184419574e-05 -1.30051850483385 -0 -0
-1.11929374034107 1.74371960460963e-05 -1.81201163957651e-05 -1.30051850295193 -0 -0
-1.11929374038005 2.5518490663652e-05 -2.65179121428165e-05 -1.3005184977084 -0 -0
-1.11929374050201 4.16810765291633e-05 -4.33135026722988e-05 -1.30051848130252 -0 -0
-1.11929374068263 5.78436557569658e-05 -6.01090913015942e-05 -1.30051845700488 -0 -0
-1.11929374092192 7.40062257731726e-05 -7.69046772938714e-05 -1.30051842481548 -0 -0
-1.1192937415765 0.000106331327875271 -0.000110495838420048 -1.30051833676144 -0 -0
-1.11929374246576 0.000138656362244455 -0.00014408698015619 -1.30051821714047 -0 -0
-1.11929374358971 0.000170981308289835 -0.000177678096607668 -1.30051806595265 -0 -0
-1.11929374494835 0.000203306145420665 -0.000211269181879872 -1.3005178831981 -0 -0
-1.11929374654171 0.00023563085304638 -0.00024486023007821 -1.30051766887694 -0 -0
-1.11929375043266 0.000300279797421308 -0.000312042191675043 -1.30051714553546 -0 -0
-1.11929375526272 0.000364927976694981 -0.000379223934241972 -1.30051649592973 -0 -0
-1.11929376103213 0.000429575226152815 -0.000446405410623359 -1.30051572006165 -0 -0
-1.11929376774116 0.000494221381086358 -0.000513586573664244 -1.30051481793345 -0 -0
-1.1192937753901 0.000558866276794385 -0.000580767376210461 -1.30051378954777 -0 -0
-1.11929378397932 0.000623509748583982 -0.000647947771108762 -1.3005126349076 -0 -0
-1.11929380398024 0.000752791761684301 -0.000782307149353919 -1.30050994687754 -0 -0
-1.11929382774762 0.000882066103051503 -0.000916664331196602 -1.30050675387452 -0 -0
-1.11929385528587 0.00101133145555229 -0.00105101893945602 -1.30050305593564 -0 -0
-1.1192938866001 0.00114058650229064 -0.00118537059697755 -1.30049885310387 -0 -0
-1.11929396058037 0.00139906041229062 -0.0014540635513422 -1.30048893296286 -0 -0
-1.11929404974322 0.00165747730394816 -0.00172274017772222 -1.30047699391248 -0 -0
-1.11929415415454 0.0019158266541778 -0.0019913974602129 -1.30046303650741 -0 -0
-1.11929427389136 0.00217409794702071 -0.00226003238369551 -1.30044706139599 -0 -0
-1.11929440904184 0.00243228067475202 -0.00252864193395954 -1.30042906932006 -0 -0
-1.11929455970523 0.00269036433898619 -0.00279722309782487 -1.30040906111485 -0 -0
-1.11929472599188 0.0029483384517803 -0.00306577286326368 -1.30038703770891 -0 -0
-1.11929490802321 0.0032061925367349 -0.00333428821952227 -1.30036300012389 -0 -0
-1.11929510593172 0.0034639161300923 -0.00360276615724256 -1.30033694947442 -0 -0
-1.11929531986093 0.00372149878183193 -0.00387120366858351 -1.30030888696792 -0 -0
-1.1192955499654 0.00397893005676265 -0.00413959774734217 -1.30027881390445 -0 -0
-1.1192957964107 0.00423619953561158 -0.00440794538907457 -1.30024673167645 -0 -0
-1.11929605937338 0.00449329681610945 -0.00467624359121628 -1.30021264176859 -0 -0
-1.11929633904094 0.00475021151407198 -0.00494448935320266 -1.30017654575747 -0 -0
-1.11929663561184 0.00500693326447725 -0.00521267967658884 -1.30013844531144 -0 -0
-1.11929694929542 0.00526345172253867 -0.00548081156516935 -1.3000983421903 -0 -0
-1.11929728031193 0.00551975656477345 -0.00574888202509735 -1.30005623824503 -0 -0
-1.11929762889247 0.00577583749006614 -0.00601688806500358 -1.30001213541755 -0 -0
-1.11929799527894 0.00603168422072728 -0.00628482669611482 -1.29996603574036 -0 -0
-1.11929837972405 0.00628728650354667 -0.00655269493237204 -1.29991794133626 -0 -0
-1.11929878249129 0.00654263411084115 -0.00682048979054801 -1.29986785441803 -0 -0
-1.11929920385483 0.00679771684149668 -0.00708820829036459 -1.29981577728805 -0 -0
-1.11929964409957 0.00705252452200441 -0.00735584745460947 -1.29976171233802 -0 -0
-1.11930010352104 0.00730704700749065 -0.00762340430925246 -1.29970566204851 -0 -0
-1.11930058242538 0.00756127418274032 -0.00789087588356129 -1.29964762898864 -0 -0
-1.11930108112933 0.00781519596321393 -0.00815825921021687 -1.29958761581566 -0 -0
-1.11930159996013 0.00806880229605755 -0.00842555132542808 -1.29952562527455 -0 -0
-1.11930213925554 0.00832208316110588 -0.0086927492690459 -1.29946166019762 -0 -0
-1.11930269936375 0.008575028571878 -0.00895985008467711 -1.29939572350404 -0 -0
-1.11930328064336 0.00882762857656564 -0.00922685081979729 -1.29932781819944 -0 -0
-1.11930388346331 0.00907987325901379 -0.00949374852586333 -1.29925794737543 -0 -0
-1.11930450820287 0.00933175273969347 -0.00976054025842521 -1.29918611420914 -0 -0
-1.11930515525155 0.0095832571766664 -0.0100272230772372 -1.29911232196274 -0 -0
-1.11930582500909 0.00983437676654139 -0.0102937940463686 -1.29903657398295 -0 -0
-1.11930651788536 0.0100851017454223 -0.0105602502343133 -1.29895887370051 -0 -0
-1.11930723430036 0.0103354223898475 -0.0108265887140993 -1.29887922462974 -0 -0
-1.11930797468413 0.0105853290177199 -0.0110928065633972 -1.29879763036791 -0 -0
-1.1193087394767 0.010834811989229 -0.0113589008646278 -1.2987140945948 -0 -0
-1.11930952912805 0.0110838617077629 -0.0116248687050694 -1.29862862107207 -0 -0
-1.11931034409804 0.011332468620811 -0.0118907071769643 -1.29854121364277 -0 -0
-1.11931118485635 0.0115806232208578 -0.0121564133776241 -1.29845187623071 -0 -0
-1.11931205188243 0.0118283160462662 -0.0124219844095345 -1.29836061283993 -0 -0
-1.11931294566542 0.0120755376821516 -0.0126874173804598 -1.29826742755408 -0 -0
-1.11931386670413 0.0123222787612453 -0.0129527094035459 -1.2981723245358 -0 -0
-1.11931481550691 0.0125685299647485 -0.0132178575974225 -1.29807530802616 -0 -0
-1.11931579259165 0.0128142820231753 -0.0134828590863053 -1.297976382344 -0 -0
-1.11931679848567 0.0130595257171857 -0.0137477110000963 -1.29787555188531 -0 -0
-1.1193178337257 0.0133042518784072 -0.0140124104744842 -1.29777282112257 -0 -0
-1.11931889885774 0.013548451390247 -0.0142769546510432 -1.29766819460413 -0 -0
-1.11931999443708 0.0137921151886914 -0.0145413406773312 -1.29756167695355 -0 -0
-1.11932112102816 0.0140352342630962 -0.0148055657069874 -1.29745327286889 -0 -0
-1.11932227920453 0.0142777996569644 -0.0150696268998286 -1.29734298712207 -0 -0
-1.11932346954878 0.0145198024687132 -0.0153335214219449 -1.29723082455819 -0 -0
-1.11932469265245 0.0147612338524295 -0.0155972464457941 -1.29711679009478 -0 -0
-1.11932594911597 0.015002085018614 -0.0158607991502954 -1.29700088872118 -0 -0
-1.1193272395486 0.0152423472349134 -0.0161241767209226 -1.29688312549775 -0 -0
-1.11932856456832 0.0154820118268412 -0.0163873763497953 -1.29676350555521 -0 -0
-1.11932992480176 0.0157210701784861 -0.0166503952357704 -1.29664203409387 -0 -0
-1.11933132088417 0.015959513733209 -0.0169132305845314 -1.29651871638293 -0 -0
-1.11933275345927 0.0161973339943274 -0.0171758796086776 -1.29639355775972 -0 -0
-1.11933422317923 0.0164345225257885 -0.0174383395278121 -1.29626656362895 -0 -0
-1.11933573070455 0.0166710709528287 -0.0177006075686286 -1.29613773946196 -0 -0
-1.11933727670399 0.0169069709626226 -0.0179626809649974 -1.29600709079598 -0 -0
-1.11933886185453 0.0171422143049175 -0.0182245569580502 -1.29587462323331 -0 -0
-1.11934048684122 0.0173767927926574 -0.018486232796264 -1.29574034244059 -0 -0
-1.11934215235712 0.0176106983025931 -0.0187477057355442 -1.29560425414801 -0 -0
-1.11934385910327 0.0178439227758802 -0.0190089730393059 -1.29546636414853 -0 -0
-1.1193456077885 0.0180764582186646 -0.0192700319785553 -1.29532667829704 -0 -0
-1.11934739912945 0.0183082967026549 -0.019530879831969 -1.29518520250965 -0 -0
-1.11934923385042 0.0185394303656821 -0.0197915138859728 -1.2950419427628 -0 -0
-1.1193511126833 0.0187698514122465 -0.0200519314348193 -1.29489690509251 -0 -0
-1.1193530363675 0.0189995521140522 -0.0203121297806644 -1.29475009559355 -0 -0
-1.11935500564981 0.0192285248105276 -0.0205721062336427 -1.2946015204186 -0 -0
-1.11935702128438 0.0194567619093339 -0.020831858111942 -1.29445118577749 -0 -0
-1.11935908403259 0.0196842558868602 -0.0210913827418766 -1.2942990979363 -0 -0
-1.11936119466295 0.0199109992887058 -0.0213506774579591 -1.29414526321659 -0 -0
-1.11936335395105 0.0201369847301491 -0.0216097396029722 -1.29398968799452 -0 -0
-1.11936556267941 0.0203622048966036 -0.0218685665280379 -1.29383237870008 -0 -0
-1.11936782163747 0.0205866525440612 -0.0221271555926869 -1.29367334181616 -0 -0
-1.11937013162141 0.0208103204995216 -0.0223855041649262 -1.2935125838778 -0 -0
-1.11937249343411 0.0210332016614096 -0.0226436096213058 -1.29335011147126 -0 -0
-1.11937490788504 0.0212552889999781 -0.0229014693469841 -1.29318593123324 -0 -0
-1.11937737579019 0.0214765755576991 -0.0231590807357926 -1.29302004984999 -0 -0
-1.11937989797193 0.021697054449641 -0.0234164411902989 -1.29285247405648 -0 -0
-1.11938247525895 0.021916718863833 -0.0236735481218688 -1.29268321063551 -0 -0
-1.11938510848615 0.022135562061616 -0.0239303989507279 -1.29251226641689 -0 -0
-1.11938779849457 0.0223535773779813 -0.0241869911060208 -1.29233964827658 -0 -0
-1.11939054613123 0.0225707582218952 -0.0244433220258703 -1.2921653631358 -0 -0
-1.11939335224913 0.0227870980766114 -0.0246993891574351 -1.29198941796018 -0 -0
-1.11939621770705 0.0230025904999698 -0.0249551899569658 -1.29181181975893 -0 -0
-1.11939914336954 0.0232172291246829 -0.0252107218898609 -1.29163257558393 -0 -0
-1.11940213010675 0.0234310076586087 -0.0254659824307207 -1.29145169252888 -0 -0
-1.11940517879441 0.0236439198850109 -0.0257209690634003 -1.29126917772847 -0 -0
-1.11940829031364 0.0238559596628063 -0.025975679281062 -1.29108503835746 -0 -0
-1.11941146555093 0.0240671209267995 -0.0262301105862256 -1.29089928162985 -0 -0
-1.11941801075175 0.0244867840333532 -0.0267381265162235 -1.29052294515184 -0 -0
-1.11942482159175 0.0249028622089693 -0.0272449970625678 -1.29014022675822 -0 -0
-1.11943190534492 0.0253153096850201 -0.0277507025872178 -1.28975118548522 -0 -0
-1.11943926936115 0.02572408192523 -0.0282552236063459 -1.28935588091388 -0 -0
-1.11944692106302 0.0261291356301587 -0.0287585407916918 -1.28895437314256 -0 -0
-1.11945486794259 0.0265304287408963 -0.0292606349718453 -1.2885467227595 -0 -0
-1.11946311755821 0.0269279204419827 -0.0297614871334576 -1.28813299081558 -0 -0
-1.11947167753125 0.0273215711635597 -0.0302610784223806 -1.28771323879712 -0 -0
-1.11948055554292 0.0277113425827683 -0.030759390144737 -1.28728752859891 -0 -0
-1.11948975933103 0.0280971976244027 -0.0312564037679184 -1.28685592249739 -0 -0
-1.11949929668677 0.0284791004608323 -0.031752100921515 -1.28641848312407 -0 -0
-1.11950917545151 0.0288570165112063 -0.0322464633981758 -1.28597527343909 -0 -0
-1.11951940351354 0.029230912439953 -0.0327394731544002 -1.28552635670511 -0 -0
-1.11952998880495 0.0296007561545888 -0.0332311123112627 -1.28507179646143 -0 -0
-1.11954093929834 0.0299665168028507 -0.0337213631550695 -1.28461165649829 -0 -0
-1.11955226300373 0.0303281647691677 -0.0342102081379505 -1.28414600083163 -0 -0
-1.1195639679653 0.0306856716704862 -0.0346976298783842 -1.283674893678 -0 -0
-1.11957606225833 0.0310390103514652 -0.0351836111616601 -1.28319839942989 -0 -0
-1.11958855398598 0.0313881548790575 -0.0356681349402763 -1.28271658263129 -0 -0
-1.11960145127623 0.0317330805364931 -0.0361511843342752 -1.28222950795375 -0 -0
-1.11961476227873 0.0320737638166821 -0.0366327426315173 -1.28173724017264 -0 -0
-1.11962849516176 0.0324101824150532 -0.0371127932878953 -1.28123984414388 -0 -0
-1.11964265810917 0.032742315221845 -0.0375913199274876 -1.28073738478101 -0 -0
-1.11965725931732 0.0330701423138692 -0.0380683063426546 -1.2802299270327 -0 -0
-1.1196723069921 0.0333936449457606 -0.0385437364940766 -1.2797175358606 -0 -0
-1.11968780934593 0.0337128055407333 -0.0390175945107372 -1.27920027621764 -0 -0
-1.11970377459482 0.0340276076808611 -0.0394898646898499 -1.27867821302679 -0 -0
-1.11972021095545 0.0343380360968984 -0.0399605314967321 -1.27815141116013 -0 -0
-1.11973712664227 0.0346440766576612 -0.0404295795646266 -1.27761993541853 -0 -0
-1.11975452986464 0.0349457163589849 -0.0408969936944709 -1.2770838505116 -0 -0
-1.119772428824 0.0352429433122781 -0.0413627588546173 -1.27654322103822 -0 -0
-1.11979083171108 0.0355357467326884 -0.0418268601805033 -1.27599811146743 -0 -0
-1.11980974670313 0.0358241169269005 -0.0422892829742754 -1.27544858611989 -0 -0
-1.11982918196121 0.0361080452805819 -0.042750012704365 -1.27489470914965 -0 -0
-1.11984914562748 0.0363875242454963 -0.0432090350050211 -1.27433654452658 -0 -0
-1.11986964582259 0.0366625473263003 -0.0436663356757976 -1.27377415601908 -0 -0
-1.119890690643 0.0369331090670415 -0.0441219006809991 -1.27320760717739 -0 -0
-1.11991228815847 0.0371992050373762 -0.0445757161490848 -1.27263696131734 -0 -0
-1.1199344464095 0.0374608318185223 -0.0450277683720331 -1.27206228150455 -0 -0
-1.11995717340483 0.0377179869889649 -0.0454780438046671 -1.27148363053914 -0 -0
-1.11998047711897 0.0379706691099324 -0.0459265290639429 -1.2709010709409 -0 -0
-1.12000436548984 0.0382188777106574 -0.0463732109282021 -1.27031466493497 -0 -0
-1.12002884641635 0.0384626132734405 -0.046818076336389 -1.26972447443792 -0 -0
-1.12005392775608 0.038701877218532 -0.0472611123872349 -1.26913056104436 -0 -0
-1.12007961732302 0.0389366718888477 -0.04770230633841 -1.26853298601407 -0 -0
-1.12010592288529 0.039167000534534 -0.0481416456056441 -1.26793181025947 -0 -0
-1.12013285216297 0.0393928672973971 -0.0485791177618182 -1.26732709433369 -0 -0
-1.12016041282591 0.039614277195212 -0.0490147105360274 -1.26671889841902 -0 -0
-1.12018861249167 0.0398312361059248 -0.0494484118126162 -1.26610728231584 -0 -0
-1.12021745872338 0.0400437507517636 -0.049880209630189 -1.26549230543208 -0 -0
-1.12024695902779 0.0402518286832705 -0.0503100921805948 -1.26487402677298 -0 -0
-1.12027712085323 0.0404554782632697 -0.0507380478078891 -1.2642525049315 -0 -0
-1.12030795158773 0.040654708650784 -0.0511640650072731 -1.26362779807896 -0 -0
-1.12033945855706 0.0408495297849124 -0.0515881324240119 -1.2629999639563 -0 -0
-1.12037164902296 0.0410399523686821 -0.0520102388523331 -1.2623690598657 -0 -0
-1.12040453018128 0.0412259878528866 -0.0524303732343061 -1.26173514266259 -0 -0
-1.12043810916024 0.0414076484199212 -0.0528485246587038 -1.26109826874814 -0 -0
-1.12047239301875 0.0415849469676282 -0.0532646823598482 -1.2604584940622 -0 -0
-1.12050738874469 0.0417578970931626 -0.0536788357164401 -1.25981587407653 -0 -0
-1.12054310325332 0.0419265130768884 -0.0540909742503745 -1.25917046378855 -0 -0
-1.12057954338568 0.0420908098663167 -0.0545010876255429 -1.25852231771545 -0 -0
-1.12061671590708 0.0422508030600949 -0.0549091656466229 -1.25787148988867 -0 -0
-1.12069328479061 0.0425579442153446 -0.055719175541821 -1.25656200264076 -0 -0
-1.12076476782316 0.0428198222126694 -0.0564411240961697 -1.25537482444459 -0 -0
-1.12083872539514 0.0430680272323466 -0.0571563258501733 -1.25417977496028 -0 -0
-1.12091519403664 0.0433026717063425 -0.0578647262721678 -1.25297715114772 -0 -0
-1.12099420937506 0.0435238736526301 -0.0585662722087128 -1.25176724455624 -0 -0
-1.12107580611342 0.0437317563888074 -0.0592609118604637 -1.25055034128081 -0 -0
-1.12116001800994 0.043926448250264 -0.0599485947579521 -1.24932672192898 -0 -0
-1.12124687785909 0.0441080823132564 -0.0606292717373216 -1.248096661598 -0 -0
-1.12133641747384 0.0442767961232139 -0.0613028949160656 -1.24686042986162 -0 -0
-1.12142866766934 0.0444327314285659 -0.0619694176688103 -1.24561829076607 -0 -0
-1.12152365824781 0.0445760339203456 -0.0626287946031839 -1.24437050283487 -0 -0
-1.1216214179847 0.0447068529777967 -0.063280981535811 -1.24311731908185 -0 -0
-1.12172197461607 0.0448253414201755 -0.0639259354684678 -1.24185898703195 -0 -0
-1.12182535482709 0.0449316552649169 -0.0645636145644327 -1.24059574874941 -0 -0
-1.12193158424179 0.0450259534923002 -0.0651939781250644 -1.23932784087285 -0 -0
-1.12204068741385 0.045108397816728 -0.0658169865666357 -1.23805549465671 -0 -0
-1.12215268781848 0.0451791524647066 -0.0664326013974519 -1.23677893601881 -0 -0
-1.12226760784536 0.04523838395959 -0.067040785195278 -1.23549838559343 -0 -0
-1.12238546879263 0.0452862609131317 -0.0676415015850987 -1.23421405878956 -0 -0
-1.12250629086172 0.0453229538238664 -0.0682347152172314 -1.23292616585399 -0 -0
-1.12263009315333 0.0453486348823224 -0.0688203917458134 -1.2316349119387 -0 -0
-1.12275689366412 0.0453634777830528 -0.069398497807678 -1.23034049717235 -0 -0
-1.12288670928439 0.0453676575434515 -0.0699690010016385 -1.22904311673538 -0 -0
-1.12301955579657 0.0453613503293089 -0.0705318698681911 -1.2277429609384 -0 -0
-1.1231554478745 0.0453447332870465 -0.0710870738696511 -1.22644021530367 -0 -0
-1.12329439908353 0.0453179843825575 -0.0716345833707326 -1.22513506064904 -0 -0
-1.12343642188128 0.0452812822465673 -0.0721743696195807 -1.22382767317448 -0 -0
-1.12358152761919 0.0452348060264206 -0.0727064047292644 -1.22251822455045 -0 -0
-1.1237297265447 0.0451787352441884 -0.0732306616597371 -1.22120688200824 -0 -0
-1.12388102780409 0.0451132496609828 -0.073747114200269 -1.21989380843168 -0 -0
-1.12403543944595 0.0450385291473584 -0.0742557369523573 -1.21857916245024 -0 -0
-1.12419296842517 0.0449547535596736 -0.0747565053131143 -1.2172630985331 -0 -0
-1.1243536206076 0.0448621026222779 -0.0752493954591386 -1.21594576708403 -0 -0
-1.12451740077514 0.0447607558153881 -0.0757343843308674 -1.21462731453688 -0 -0
-1.12468431263137 0.0446508922685115 -0.0762114496174118 -1.21330788345151 -0 -0
-1.12485435880765 0.0445326906592696 -0.0766805697418728 -1.21198761260983 -0 -0
-1.12502754086969 0.0444063291174758 -0.0771417238471366 -1.21066663711199 -0 -0
-1.12520385932449 0.0442719851343155 -0.0775948917821475 -1.20934508847239 -0 -0
-1.12538331362777 0.0441298354764776 -0.0780400540886539 -1.20802309471538 -0 -0
-1.12556590219164 0.0439800561050841 -0.0784771919884233 -1.20670078047062 -0 -0
-1.12575162239279 0.0438228220992654 -0.0789062873709236 -1.20537826706779 -0 -0
-1.12594047058085 0.0436583075842272 -0.0793273227814636 -1.20405567263071 -0 -0
-1.12613244208719 0.0434866856636567 -0.0797402814097875 -1.20273311217065 -0 -0
-1.12632753123391 0.0433081283563164 -0.0801451470791186 -1.20141069767868 -0 -0
-1.1265257313432 0.0431228065366731 -0.0805419042356441 -1.20008853821713 -0 -0
-1.12672703474684 0.0429308898794152 -0.0809305379384348 -1.19876674000994 -0 -0
-1.12693143279602 0.0427325468077078 -0.0813110338497922 -1.19744540653184 -0 -0
-1.12713891587135 0.0425279444450429 -0.0816833782260164 -1.19612463859631 -0 -0
-1.12734947339304 0.0423172485705384 -0.0820475579085857 -1.1948045344423 -0 -0
-1.12756309383134 0.0421006235775474 -0.0824035603157401 -1.19348518981955 -0 -0
-1.12777976471702 0.041878232435438 -0.0827513734344616 -1.19216669807254 -0 -0
-1.12799947265218 0.0416502366544094 -0.0830909858128414 -1.19084915022301 -0 -0
-1.128222203321 0.0414167962532094 -0.0834223865528262 -1.18953263505095 -0 -0
-1.12844794150081 0.0411780697296271 -0.083745565303335 -1.18821723917419 -0 -0
-1.12867667107312 0.0409342140336316 -0.084060512253737 -1.1869030471263 -0 -0
-1.12890837503485 0.0406853845430346 -0.0843672181276824 -1.18559014143308 -0 -0
-1.12914303550963 0.0404317350415571 -0.0846656741772765 -1.18427860268732 -0 -0
-1.12938063375911 0.0401734176991836 -0.0849558721775891 -1.18296850962206 -0 -0
-1.12962115019448 0.0399105830546904 -0.0852378044214891 -1.18165993918223 -0 -0
-1.12986456438791 0.0396433800002381 -0.0855114637147959 -1.18035296659463 -0 -0
-1.13011085508412 0.0393719557679217 -0.0857768433717394 -1.17904766543629 -0 -0
-1.130360000212 0.0390964559181765 -0.0860339372107175 -1.17774410770127 -0 -0
-1.1306119768962 0.0388170243299379 -0.0862827395503453 -1.17644236386579 -0 -0
-1.13086676146882 0.0385338031924609 -0.0865232452057839 -1.1751425029517 -0 -0
-1.13112432948108 0.0382469329987053 -0.086755449485343 -1.17384459258844 -0 -0
-1.13138465571503 0.0379565525401965 -0.0869793481873464 -1.17254869907331 -0 -0
-1.1316477141952 0.0376627989032766 -0.0871949375972531 -1.17125488743023 -0 -0
-1.13191347820037 0.0373658074666618 -0.0874022144850255 -1.16996322146681 -0 -0
-1.13218192027523 0.0370657119002257 -0.0876011761027351 -1.16867376382999 -0 -0
-1.13245301224207 0.0367626441649329 -0.087791820182399 -1.16738657606002 -0 -0
-1.13272672521247 0.0364567345138473 -0.0879741449340381 -1.16610171864299 -0 -0
-1.13300302959896 0.0361481114941453 -0.0881481490439495 -1.16481925106182 -0 -0
-1.13328189512666 0.0358369019500651 -0.0883138316731844 -1.16353923184572 -0 -0
-1.13356329084487 0.0355232310267277 -0.0884711924562246 -1.16226171861829 -0 -0
-1.13384718513867 0.0352072221747667 -0.0886202314998498 -1.16098676814404 -0 -0
-1.13413354574046 0.0348889971557071 -0.0887609493821877 -1.15971443637357 -0 -0
-1.13442233974151 0.0345686760480359 -0.0888933471519398 -1.15844477848734 -0 -0
-1.13471353360337 0.0342463772539109 -0.0890174263277761 -1.15717784893805 -0 -0
-1.13500709316938 0.033922217506455 -0.0891331888978909 -1.15591370149165 -0 -0
-1.13530298367602 0.0335963118775853 -0.0892406373197135 -1.15465238926707 -0 -0
-1.13560116976426 0.0332687737863327 -0.089339774519766 -1.15339396477457 -0 -0
-1.1359016154909 0.0329397150076037 -0.0894306038936631 -1.15213847995291 -0 -0
-1.13620428433977 0.0326092456813437 -0.0895131293062453 -1.15088598620515 -0 -0
-1.136509139233 0.0322774743220605 -0.0895873550918416 -1.14963653443338 -0 -0
-1.13681614254214 0.0319445078286694 -0.089653286054653 -1.14839017507204 -0 -0
-1.13712525609926 0.031610451494623 -0.0897109274692526 -1.14714695812028 -0 -0
-1.13743644120806 0.0312754090182921 -0.0897602850811955 -1.14590693317297 -0 -0
-1.13774965865479 0.0309394825135625 -0.0898013651077328 -1.14467014945077 -0 -0
-1.13806486871927 0.03060277252062 -0.0898341742386239 -1.14343665582893 -0 -0
-1.13838203118577 0.0302653780168908 -0.0898587196370419 -1.14220650086512 -0 -0
-1.13870110535381 0.0299273964281119 -0.0898750089405671 -1.14097973282619 -0 -0
-1.139022050049 0.0295889236395048 -0.0898830502622615 -1.13975639971384 -0 -0
-1.13934482363378 0.0292500540070272 -0.0898828521918215 -1.13853654928937 -0 -0
-1.13966938401804 0.0289108803686804 -0.0898744237968028 -1.13732022909741 -0 -0
-1.1399956886698 0.0285714940558505 -0.0898577746239114 -1.13610748648867 -0 -0
-1.14032369462579 0.0282319849046631 -0.0898329147003583 -1.13489836864179 -0 -0
-1.14065335850192 0.0278924412673319 -0.0897998545352714 -1.13369292258427 -0 -0
-1.14098463650379 0.027552950023484 -0.0897586051211609 -1.13249119521248 -0 -0
-1.14131748443709 0.0272135965914457 -0.0897091779354334 -1.13129323331086 -0 -0
-1.14165185771798 0.0268744649394721 -0.0896515849419508 -1.13009908357023 -0 -0
-1.14198771138338 0.0265356375969068 -0.0895858385926293 -1.12890879260526 -0 -0
-1.14232500010124 0.0261971956652594 -0.0895119518290753 -1.12772240697116 -0 -0
-1.14266367818075 0.0258592188291864 -0.0894299380842525 -1.1265399731796 -0 -0
-1.1430036995825 0.0255217853673661 -0.0893398112841788 -1.12536153771383 -0 -0
-1.1433450179286 0.0251849721632563 -0.0892415858496468 -1.12418714704307 -0 -0
-1.14368758651275 0.0248488547157253 -0.0891352766979659 -1.12301684763613 -0 -0
-1.14403135831026 0.0245135071495472 -0.0890208992447214 -1.12185068597442 -0 -0
-1.14437628598797 0.0241790022257548 -0.0888984694055474 -1.12068870856413 -0 -0
-1.14472232191427 0.0238454113518417 -0.0887680035979111 -1.11953096194787 -0 -0
-1.14506941816891 0.0235128045918082 -0.0886295187429026 -1.11837749271551 -0 -0
-1.14541752655285 0.0231812506760446 -0.0884830322670305 -1.11722834751454 -0 -0
-1.14576659859809 0.0228508170110477 -0.0883285621040165 -1.11608357305964 -0 -0
-1.14611658557739 0.0225215696889655 -0.088166126696589 -1.11494321614176 -0 -0
-1.14646743851399 0.0221935734969669 -0.0879957449982706 -1.11380732363653 -0 -0
-1.1468191081913 0.021866891926433 -0.0878174364751576 -1.11267594251212 -0 -0
-1.14717154516251 0.0215415871819672 -0.0876312211076884 -1.11154911983655 -0 -0
-1.14752469976021 0.0212177201902227 -0.0874371193923976 -1.1104269027844 -0 -0
-1.14787852210592 0.0208953506085456 -0.0872351523436546 -1.10930933864301 -0 -0
-1.14823296211965 0.0205745368334316 -0.0870253414953812 -1.10819647481814 -0 -0
-1.14858796952934 0.0202553360087974 -0.0868077089027489 -1.10708835883913 -0 -0
-1.14894349388036 0.0199378040340656 -0.0865822771438508 -1.10598503836355 -0 -0
-1.14929948454489 0.0196219955720631 -0.0863490693213472 -1.10488656118136 -0 -0
-1.14965589073133 0.0193079640567345 -0.0861081090640817 -1.10379297521856 -0 -0
-1.15001266149364 0.0189957617006708 -0.0858594205286653 -1.10270432854043 -0 -0
-1.15036974574066 0.0186854395024553 -0.0856030284010276 -1.10162066935428 -0 -0
-1.15072709224542 0.0183770472538279 -0.0853389578979308 -1.10054204601176 -0 -0
-1.15108464965438 0.0180706335466705 -0.0850672347684455 -1.0994685070107 -0 -0
-1.15144236649667 0.0177662457798151 -0.0847878852953866 -1.0984001009966 -0 -0
-1.15180019119329 0.0174639301656779 -0.0845009362967059 -1.09733687676363 -0 -0
-1.15215807206629 0.0171637317367218 -0.0842064151268403 -1.09627888325523 -0 -0
-1.15251595734795 0.0168656943517511 -0.0839043496780136 -1.09522616956439 -0 -0
-1.15287379518982 0.0165698607020407 -0.083594768381489 -1.09417878493341 -0 -0
-1.15323153367192 0.0162762723173053 -0.0832777002087715 -1.09313677875342 -0 -0
-1.15358912081174 0.0159849695715104 -0.0829531746727579 -1.09210020056339 -0 -0
-1.15430363287622 0.0154093767476598 -0.0822818722759064 -1.09004352704041 -0 -0
-1.15501691461629 0.0148433823185614 -0.081581108162162 -1.0880091635759 -0 -0
-1.1557285488414 0.0142872682273603 -0.0808511380291551 -1.08599751162821 -0 -0
-1.15643811822368 0.0137412984331767 -0.0800922263274356 -1.08400897481195 -0 -0
-1.15714520558262 0.0132057190640409 -0.0793046462828632 -1.08204395878663 -0 -0
-1.1578493941685 0.0126807585625327 -0.0784886799146702 -1.08010287112564 -0 -0
-1.15855026794441 0.0121666278248486 -0.0776446180490045 -1.07818612116623 -0 -0
-1.15924741186693 0.0116635203340336 -0.0767727603277698 -1.07629411984129 -0 -0
-1.15994041216552 0.0111716122881451 -0.0758734152125855 -1.07442727949366 -0 -0
-1.16062885662055 0.0106910627241338 -0.0749468999836987 -1.07258601367369 -0 -0
-1.16131233484001 0.0102220136382427 -0.0739935407336873 -1.0707707369207 -0 -0
-1.16199043853483 0.00976459010373965 -0.0730136723557997 -1.06898186452912 -0 -0
-1.16266276179283 0.00931890038680647 -0.0720076385267859 -1.06721981229971 -0 -0
-1.16332890135118 0.00888503606141734 -0.0709757916840805 -1.06548499627686 -0 -0
-1.16398845686743 0.00846307212404059 -0.0699184929972066 -1.06377783247226 -0 -0
-1.16464103118889 0.00805306710900046 -0.0688361123332755 -1.06209873657585 -0 -0
-1.16528623062045 0.00765506320533277 -0.067729028216467 -1.0604481236545 -0 -0
-1.16592366519063 0.00726908637596426 -0.06659762778138 -1.05882640783915 -0 -0
-1.16655294891582 0.00689514648003768 -0.0654423067201535 -1.05723400200102 -0 -0
-1.16717370006259 0.00653323739919465 -0.0642634692232642 -1.05567131741754 -0 -0
-1.16778554140797 0.00618333716861523 -0.0630615279139152 -1.05413876342874 -0 -0
-1.16838810049759 0.00584540811359874 -0.0618369037759405 -1.05263674708457 -0 -0
-1.16898100990147 0.00551939699244972 -0.0605900260751564 -1.05116567278411 -0 -0
-1.16956390746739 0.00520523514641512 -0.0593213322741009 -1.04972594190712 -0 -0
-1.17013643657173 0.00490283865739266 -0.0580312679401108 -1.04831795243882 -0 -0
-1.17069824636748 0.00461210851410568 -0.0567202866466964 -1.04694209858852 -0 -0
-1.17124899202939 0.00433293078741037 -0.0553888498681829 -1.04559877040298 -0 -0
-1.17178833499603 0.00406517681537016 -0.0540374268675971 -1.04428835337508 -0 -0
-1.17231594320854 0.00380870339869808 -0.0526664945777881 -1.04301122804878 -0 -0
-1.17283149134605 0.00356335300713157 -0.0512765374757828 -1.04176776962106 -0 -0
-1.17333466105729 0.00332895399726572 -0.049868047450386 -1.04055834754172 -0 -0
-1.17382514118849 0.00310532084232937 -0.0484415236630461 -1.03938332511181 -0 -0
-1.17430262800721 0.00289225437434563 -0.0469974724020185 -1.03824305908163 -0 -0
-1.17476682542189 0.00268954203907266 -0.0455364069298723 -1.0371378992491 -0 -0
-1.17521744519698 0.00249695816407342 -0.0440588473243939 -1.03606818805946 -0 -0
-1.17565420716337 0.00231426424021296 -0.0425653203129547 -1.03503426020713 -0 -0
-1.17607683942401 0.0021412092168323 -0.0410563591004244 -1.0340364422406 -0 -0
-1.17648507855431 0.00197752981079308 -0.0395325031907172 -1.03307505217141 -0 -0
-1.17687866979738 0.00182295082953575 -0.0379942982020774 -1.03215039908801 -0 -0
-1.17725736725357 0.00167718550823642 -0.0364422956762179 -1.03126278277543 -0 -0
-1.17762093406445 0.00153993586109321 -0.0348770528814396 -1.03041249334174 -0 -0
-1.17796914259066 0.00141089304671517 -0.033299132609871 -1.02959981085221 -0 -0
-1.17830177458372 0.00128973774752908 -0.0317091029689802 -1.02882500497199 -0 -0
-1.17861862135136 0.00117614056306344 -0.030107537167522 -1.02808833461838 -0 -0
-1.17891948391633 0.00106976241690842 -0.0284950132960961 -1.02739004762342 -0 -0
-1.1792041731684 0.000970254977096883 -0.0268721141025039 -1.02673038040776 -0 -0
-1.17947251000938 0.000877261089591214 -0.0252394267621004 -1.02610955766665 -0 -0
-1.17972432549093 0.000790415224506982 -0.0235975426433534 -1.02552779206893 -0 -0
-1.17995946094508 0.000709343934648693 -0.0219470570688275 -1.02498528396974 -0 -0
-1.18017776810719 0.000633666325879738 -0.0202885690718263 -1.0244822211378 -0 -0
-1.18037910923113 0.000562994538795915 -0.0186226811489314 -1.024018778498 -0 -0
-1.18056335719674 0.000496934241124292 -0.0169499990086893 -1.02359511788999 -0 -0
-1.18073039560915 0.000435085130217804 -0.0152711313167064 -1.0232113878435 -0 -0
-1.18088011889001 0.000377041444975648 -0.0135866894374185 -1.02286772337089 -0 -0
-1.18101243236042 0.000322392486472339 -0.0118972871728124 -1.02256424577778 -0 -0
-1.18112725231546 0.000270723146542985 -0.0102035404983811 -1.02230106249194 -0 -0
-1.18122450609017 0.000221614443533193 -0.008506067296605 -1.02207826691131 -0 -0
-1.18130413211694 0.000174644064391737 -0.00680548708825251 -1.02189593827129 -0 -0
-1.18136607997427 0.000129386912252732 -0.00510242076180421 -1.02175414153184 -0 -0
-1.18141031042663 8.54156586315227e-05 -0.00339749030130493 -1.02165292728473 -0 -0
-1.18143679545557 4.23012993343011e-05 -0.00169131851295478 -1.02159233168108 -0 -0
-1.18144551828198 -3.86286832816648e-07 1.54712492479202e-05 -1.02157237637958 -0 -0
-1.18143647337938 -4.30777774849693e-05 0.0017222553584961 -1.0215930685154 -0 -0
-1.18140966647831 -8.62038451462706e-05 0.00342841019047851 -1.02165440068993 -0 -0
-1.18136511456177 -0.000130194595746472 0.00513331239868142 -1.02175635098144 -0 -0
-1.18130284585177 -0.000175479008067282 0.00683633918936947 -1.02189888297648 -0 -0
-1.18122289978691 -0.000222484375076311 0.00853686859592827 -1.02208194582213 -0 -0
-1.18112532699117 -0.000271635748076067 0.0102342797522534 -1.02230547429874 -0 -0
-1.18101018923376 -0.000323355384584462 0.0119279531648724 -1.02256938891311 -0 -0
-1.1808775593803 -0.00037806220084372 0.0136172709834897 -1.02287359601174 -0 -0
-1.18072752133528 -0.000436171229835794 0.0153016172696484 -1.02321798791385 -0 -0
-1.18056016997588 -0.000498093085654603 0.0169803782632079 -1.02360244306379 -0 -0
-1.18037561107728 -0.000564233435058514 0.0186529426463401 -1.0240268262024 -0 -0
-1.18017396122962 -0.000634992476992065 0.0203187018047556 -1.02449098855677 -0 -0
-1.1799553477466 -0.000710764430830822 0.0219770500858762 -1.024994768048 -0 -0
-1.17971990856599 -0.00079193703406322 0.0236273850536774 -1.02553798951616 -0 -0
-1.1794677921421 -0.00087889105008138 0.0252691077399334 -1.02612046496203 -0 -0
-1.17919915733036 -0.000971999786706965 0.0269016228916064 -1.02674199380478 -0 -0
-1.17891417326429 -0.00107162862603148 0.0285243392141276 -1.02740236315495 -0 -0
-1.17861301922483 -0.00117813456609957 0.0301366696103322 -1.028101348102 -0 -0
-1.1782958845024 -0.00129186577491256 0.0317380314148159 -1.0288387120156 -0 -0
-1.17796296825173 -0.001413161157176 0.0333278466234928 -1.0296142068598 -0 -0
-1.17761447933975 -0.00154234993415985 0.0349055421181474 -1.03042757351946 -0 -0
-1.17725063618669 -0.0016797512369834 0.0364705498857795 -1.03127854213774 -0 -0
-1.17687166660056 -0.00182567371358224 0.0380223072325581 -1.03216683246413 -0 -0
-1.1764778076053 -0.00198041514955374 0.0395602569922069 -1.03309215421184 -0 -0
-1.17606930526278 -0.0021442621030236 0.0410838477286593 -1.03405420742384 -0 -0
-1.17564641448872 -0.00231748955361549 0.0425925339328313 -1.03505268284653 -0 -0
-1.17520939886304 -0.00250036056555007 0.0440857762133725 -1.03608726231016 -0 -0
-1.17475853043457 -0.00269312596484206 0.0455630414812683 -1.03715761911506 -0 -0
-1.17429408952047 -0.00289602403050814 0.0470238031281785 -1.03826341842279 -0 -0
-1.17381636450061 -0.00310928019964317 0.0484675411984086 -1.03940431765128 -0 -0
-1.17332565160698 -0.00333310678616856 0.0498937425544238 -1.04057996687299 -0 -0
-1.17282225470853 -0.00356770271300329 0.0513019010358259 -1.0417900092153 -0 -0
-1.1723064850915 -0.00381325325735815 0.0526915176117276 -1.0430340812621 -0 -0
-1.17177866123555 -0.00406992980880339 0.0540621005264666 -1.04431181345587 -0 -0
-1.17123910858577 -0.00433788963971297 0.0554131654386187 -1.04562283049912 -0 -0
-1.170688159321 -0.00461727568764394 0.0567442355532756 -1.04696675175464 -0 -0
-1.17012615211836 -0.00490821634916408 0.0580548417475665 -1.0483431916435 -0 -0
-1.16955343191443 -0.00521082528460295 0.0593445226894148 -1.04975176004001 -0 -0
-1.16897034966311 -0.00552520123316001 0.0606128249495285 -1.05119206266298 -0 -0
-1.16837726209049 -0.00585142783776846 0.0618593031066371 -1.05266370146228 -0 -0
-1.16777453144668 -0.0061895734790802 0.063083519845995 -1.05416627500009 -0 -0
-1.167162525255 -0.00653969111790434 0.0642850460511827 -1.05569937882604 -0 -0
-1.16654161605858 -0.00690181814540457 0.0654634608892475 -1.05726260584544 -0 -0
-1.16591218116443 -0.00727597624033394 0.0666183518892327 -1.05885554668007 -0 -0
-1.16527460238536 -0.0076621712325615 0.0677493150141551 -1.06047779002055 -0 -0
-1.16462926577962 -0.00806039297212607 0.068855954726499 -1.06212892296988 -0 -0
-1.16397656138853 -0.00847061520303211 0.0699378840473033 -1.06380853137731 -0 -0
-1.16331688297228 -0.00889279544098898 0.070994724608927 -1.06551620016192 -0 -0
-1.16265062774374 -0.00932687485428114 0.0720261067015864 -1.06725151362531 -0 -0
-1.16197819610074 -0.00977277814694684 0.0730316693137645 -1.06901405575264 -0 -0
-1.16129999135652 -0.0102304134434359 0.0740110601666035 -1.07080341050153 -0 -0
-1.16061641946879 -0.0106996721739118 0.0749639357423947 -1.07261916207809 -0 -0
-1.15992788876719 -0.0111804289593632 0.0758899613072922 -1.07446089519943 -0 -0
-1.15923480967931 -0.0116725414956878 0.0767888109283807 -1.07632819534211 -0 -0
-1.15853759445536 -0.0121758504359194 0.0776601674852369 -1.07822064897576 -0 -0
-1.15783665689144 -0.0126901792697727 0.078503722676131 -1.08013784378136 -0 -0
-1.15713241205146 -0.0132153341996922 0.0793191770190214 -1.08207936885335 -0 -0
-1.15642527598776 -0.0137511040126029 0.080106239847505 -1.084044814885 -0 -0
-1.1557156654604 -0.0142972599465797 0.0808646293018902 -1.08603377433635 -0 -0
-1.15500399765505 -0.014853555551668 0.0815940723155701 -1.08804584158384 -0 -0
-1.15429068989967 -0.0154197265441167 0.0822943045968795 -1.09008061305102 -0 -0
-1.15357615937965 -0.0159954906533078 0.0829650706066285 -1.09213768731953 -0 -0
-1.15286082285165 -0.0165805474606996 0.0836061235315123 -1.09421666521939 -0 -0
-1.15214509635594 -0.0171745782301384 0.0842172252536078 -1.09631714989782 -0 -0
-1.15142939492722 -0.0177772457289311 0.0847981463161742 -1.09843874686573 -0 -0
-1.15071413230387 -0.0183881940391195 0.0853486658859873 -1.10058106402065 -0 -0
-1.14999972063556 -0.0190070483584456 0.0858685717124429 -1.10274371164542 -0 -0
-1.14928657018911 -0.0196334147905593 0.0863576600836818 -1.10492630238112 -0 -0
-1.14857508905253 -0.0202668801240771 0.0868157357799922 -1.10712845117347 -0 -0
-1.1478656828372 -0.0209070116001785 0.0872426120247652 -1.10934977519115 -0 -0
-1.14715875437798 -0.0215533566684999 0.0876381104332858 -1.11158989371482 -0 -0
-1.14645470343124 -0.0222054427311774 0.0880020609596586 -1.11384842799554 -0 -0
-1.14575392637068 -0.0228627768749833 0.0883343018421806 -1.11612500108082 -0 -0
-1.14505681588077 -0.0235248455916107 0.0886346795474888 -1.11841923760704 -0 -0
-1.1443637606478 -0.0241911144862752 0.0889030487138281 -1.12073076355619 -0 -0
-1.14367514504833 -0.0248610279749363 0.0891392720937993 -1.1230592059755 -0 -0
-1.14299134883495 -0.0255340089705809 0.0893432204969701 -1.12540419265773 -0 -0
-1.1423127468193 -0.0262094585591698 0.0895147727327455 -1.12776535178029 -0 -0
-1.14163970855216 -0.0268867556660204 0.0896538155539222 -1.13014231150111 -0 -0
-1.14097259800045 -0.0275652567135899 0.089760243601367 -1.13253469950881 -0 -0
-1.14031177322127 -0.0282442952718267 0.0898339593502866 -1.13494214252505 -0 -0
-1.13965758603261 -0.0289231817024901 0.0898748730585803 -1.13736426575641 -0 -0
-1.13901038168084 -0.0296012027990817 0.0898829027177917 -1.13980069229335 -0 -0
-1.13837049850481 -0.0302776214243071 0.0898579740072041 -1.14225104245348 -0 -0
-1.13773826759656 -0.0309516761472772 0.0898000202516536 -1.14471493306635 -0 -0
-1.13711401245864 -0.0316225808829823 0.0897089823836618 -1.14719197669686 -0 -0
-1.1364980486579 -0.0322895245369203 0.0895848089105237 -1.14968178080432 -0 -0
-1.13589068347591 -0.032951670658136 0.0894274558870164 -1.15218394683404 -0 -0
-1.13529221555598 -0.0336081571043377 0.0892368868944307 -1.15469806923832 -0 -0
-1.13470293454687 -0.0342580957232003 0.089013073026659 -1.15722373442366 -0 -0
-1.13412312074331 -0.0349005720544319 0.0887559928841118 -1.15976051962094 -0 -0
-1.13355304472348 -0.0355346450576987 0.0884656325762666 -1.1623079916753 -0 -0
-1.13299296698373 -0.03615934687204 0.0881419857336952 -1.16486570575257 -0 -0
-1.13244313757065 -0.0367736826129925 0.0877850535304462 -1.16743320395911 -0 -0
-1.131903795711 -0.0373766302142607 0.0873948447177002 -1.1700100138718 -0 -0
-1.13137516943973 -0.0379671403214256 0.0869713756696487 -1.1725956469756 -0 -0
-1.13085747522662 -0.0385441362458796 0.0865146704425831 -1.17518959700556 -0 -0
-1.13035091760217 -0.0391065139879022 0.0860247608482137 -1.17779133819121 -0 -0
-1.12985568878317 -0.0396531423385555 0.0855016865422686 -1.18040032340077 -0 -0
-1.12937196829885 -0.04018286307087 0.0849454951294517 -1.1830159821838 -0 -0
-1.12889992261841 -0.0406944912316142 0.0843562422858637 -1.1856377187108 -0 -0
-1.12843970478079 -0.041186815545782 0.0837339919000071 -1.18826490960909 -0 -0
-1.12799145402783 -0.0416585989467899 0.0830788162335161 -1.19089690169509 -0 -0
-1.12755529544203 -0.042108579246241 0.0823907961027529 -1.19353300960374 -0 -0
-1.12713133959019 -0.0425354699579758 0.0816700210824205 -1.19617251331675 -0 -0
-1.12671968217441 -0.0429379612919766 0.0809165897323242 -1.19881465559257 -0 -0
-1.12632040369221 -0.0433147213345096 0.0801306098484016 -1.2014586393021 -0 -0
-1.1259335691074 -0.0436643974316643 0.0793121987391044 -1.20410362467555 -0 -0
-1.12555922753394 -0.0439856177941551 0.0784614835281717 -1.20674872646743 -0 -0
-1.12519741193464 -0.0442769933418707 0.0775786014847728 -1.20939301104837 -0 -0
-1.12484813883742 -0.0445371198071643 0.076663700381917 -1.21203549343447 -0 -0
-1.12451140807136 -0.0447645801162423 0.0757169388839329 -1.21467513426685 -0 -0
-1.12418720252559 -0.0449579470682013 0.0747384869636952 -1.21731083675666 -0 -0
-1.12387548793372 -0.0451157863312444 0.0737285263501356 -1.21994144361296 -0 -0
-1.12357621268715 -0.0452366597753425 0.0726872510064054 -1.22256573397397 -0 -0
-1.12328930768062 -0.0453191291600521 0.0716148676388563 -1.22518242036497 -0 -0
-1.12301468619341 -0.0453617601953075 0.0705115962367819 -1.22779014570897 -0 -0
-1.12275224381012 -0.045363126991738 0.0693776706426008 -1.23038748042013 -0 -0
-1.12250185838483 -0.0453218169153542 0.0682133391518687 -1.23297291961249 -0 -0
-1.12226339005269 -0.0452364358592707 0.067018865142181 -1.23554488046088 -0 -0
-1.12203668129336 -0.0451056139424168 0.065794527729661 -1.23810169975361 -0 -0
-1.12182155705026 -0.0449280116419035 0.0645406224513309 -1.24064163168083 -0 -0
-1.12161782491034 -0.0447023263618045 0.0632574619712237 -1.24316284590526 -0 -0
-1.12142527534862 -0.0444272994365448 0.0619453768076239 -1.24566342596567 -0 -0
-1.1212436820419 -0.0441017235618279 0.0606047160783171 -1.24814136806653 -0 -0
-1.12107280225602 -0.0437244506400707 0.0592358482601899 -1.2505945803099 -0 -0
-1.12091237731087 -0.043294400020618 0.0578391619589583 -1.25302088242788 -0 -0
-1.12076213312705 -0.0428105671076209 0.0564150666842088 -1.25541800607582 -0 -0
-1.120621780858 -0.042272032300368 0.0549639936243344 -1.25778359574746 -0 -0
-1.12049101761095 -0.0416779702221561 0.0534863964153281 -1.26011521037308 -0 -0
-1.12036952725951 -0.0410276591845032 0.051982751896781 -1.26241032566134 -0 -0
-1.12025698135033 -0.0403204908237864 0.0504535608478228 -1.26466633724312 -0 -0
-1.12015304010558 -0.0395559798373426 0.0488993486951583 -1.26688056467269 -0 -0
-1.12005735352205 -0.0387337737358681 0.0473206661848 -1.26905025633668 -0 -0
-1.11996956256727 -0.0378536625188186 0.0457180900085958 -1.27117259531521 -0 -0
-1.11988930047152 -0.0369155881696394 0.0440922233762141 -1.27324470623185 -0 -0
-1.11981619411409 -0.035919653858356 0.0424436965228912 -1.27526366311917 -0 -0
-1.11974986550054 -0.0348661327305816 0.0407731671429946 -1.27722649831588 -0 -0
-1.11968993332697 -0.0337554761547019 0.03908132073931 -1.27913021239827 -0 -0
-1.11963601462553 -0.0325883212931797 0.03736887087796 -1.28097178513426 -0 -0
-1.11958772648438 -0.0313654978599546 0.0356365593390008 -1.28274818743221 -0 -0
-1.11954468783388 -0.0300880339240928 0.0338851561530536 -1.28445639423941 -0 -0
-1.11952501893956 -0.0294291884608889 0.0330025435331715 -1.28528398348474 -0 -0
-1.1195065212892 -0.0287571606205357 0.0321154595148124 -1.28609339832641 -0 -0
-1.11947285503845 -0.0273743156322284 0.0303282955649381 -1.28765622487469 -0 -0
-1.11944632153342 -0.0260980819278468 0.0287198314856487 -1.28898550596626 -0 -0
-1.11942282741248 -0.0247830997245573 0.0270987682574125 -1.29025138002156 -0 -0
-1.11940407842951 -0.0235676747563924 0.0256295687215624 -1.29133481029229 -0 -0
-1.11938741926777 -0.0223231715246326 0.0241511618717965 -1.29236386265352 -0 -0
-1.1193726826898 -0.0210508164222275 0.0226640369384299 -1.29333717322383 -0 -0
-1.11935970809057 -0.0197519186937212 0.0211686932288162 -1.29425342786182 -0 -0
-1.1193483421138 -0.0184278682061407 0.0196656397367094 -1.29511136769632 -0 -0
-1.11933843925061 -0.017080132731745 0.0181553947097603 -1.29590979457207 -0 -0
-1.11932986241658 -0.0157102547439851 0.0166384851758912 -1.29664757636647 -0 -0
-1.11932248350367 -0.0143198477330327 0.0151154464296483 -1.29732365213259 -0 -0
-1.11931618390295 -0.0129105920524154 0.0135868214799788 -1.29793703702345 -0 -0
-1.11931085499476 -0.0114842303135259 0.0120531604612345 -1.29848682695336 -0 -0
-1.11930639860268 -0.0100425623500071 0.0105150200095468 -1.29897220295321 -0 -0
-1.11930272740812 -0.00858743977913875 0.00897296260705148 -1.29939243517839 -0 -0
-1.11929976532236 -0.00712076019227561 0.00742755589675606 -1.29974688653069 -0 -0
-1.11929744781335 -0.00564446101103839 0.00587937197114081 -1.30003501585835 -0 -0
-1.11929572218477 -0.00416051305021442 0.00432898663784833 -1.30025638070234 -0 -0
-1.11929464134258 -0.0028200706897883 0.00293223593821272 -1.30039824106124 -0 -0
-1.11929398570836 -0.00147652072058892 0.0015345943413058 -1.3004855663891 -0 -0
-1.11929380179423 -0.000739765851963401 0.000768769421141331 -1.30051024059641 -0 -0
-1.1192937403076 -2.76604009967944e-06 2.87437143096634e-06 -1.30051850742933 -0 -0
