500 6
0 0 0.447213595499958 -0 0 0
0 0 0.447178143731057 -0.00563096521445436 0 0
0 0 0.447071794045058 -0.0112610376667947 0 0
0 0 0.446894563303188 -0.01688932473645 0 0
0 0 0.446646479604516 -0.0225149340859131 0 0
0 0 0.446327582281505 -0.0281369738022162 0 0
0 0 0.445937921893773 -0.0337545525383396 0 0
0 0 0.445477560220076 -0.0393667796545302 0 0
0 0 0.444946570248517 -0.0449727653595081 0 0
0 0 0.44434503616497 -0.050571620851539 0 0
0 0 0.443673053339733 -0.0561624584593488 0 0
0 0 0.442930728312413 -0.0617443917828602 0 0
0 0 0.442118178775027 -0.0673165358337267 0 0
0 0 0.441235533553347 -0.0728780071756432 0 0
0 0 0.440282932586476 -0.0784279240644109 0 0
0 0 0.439260526904657 -0.083965406587733 0 0
0 0 0.438168478605333 -0.089489576804721 0 0
0 0 0.437006960827444 -0.0949995588850876 0 0
0 0 0.435776157723977 -0.100494479248005 0 0
0 0 0.434476264432771 -0.105973466700609 0 0
0 0 0.433107487045577 -0.111435652576119 0 0
0 0 0.431670042575384 -0.116880170871563 0 0
0 0 0.430164158922014 -0.122306158385079 0 0
0 0 0.428590074835987 -0.127712754852768 0 0
0 0 0.426948039880668 -0.133099103085089 0 0
0 0 0.425238314392705 -0.138464349102759 0 0
0 0 0.423461169440748 -0.143807642272148 0 0
0 0 0.421616886782474 -0.149128135440145 0 0
0 0 0.419705758819919 -0.154424985068467 0 0
0 0 0.417728088553113 -0.159697351367399 0 0
0 0 0.415684189532048 -0.164944398428937 0 0
0 0 0.413574385806961 -0.170165294359323 0 0
0 0 0.411399011876957 -0.17535921141093 0 0
0 0 0.409158412636981 -0.180525326113502 0 0
0 0 0.40685294332313 -0.18566281940471 0 0
0 0 0.404482969456338 -0.19077087676001 0 0
0 0 0.402048866784421 -0.195848688321784 0 0
0 0 0.399551021222503 -0.200895449027734 0 0
0 0 0.396989828791836 -0.205910358738527 0 0
0 0 0.394365695557007 -0.210892622364649 0 0
0 0 0.391679037561561 -0.215841449992463 0 0
0 0 0.388930280762042 -0.220756057009449 0 0
0 0 0.386119860960454 -0.225635664228597 0 0
0 0 0.38324822373517 -0.230479498011942 0 0
0 0 0.38031582437029 -0.235286790393228 0 0
0 0 0.377323127783453 -0.240056779199655 0 0
0 0 0.374270608452129 -0.244788708172728 0 0
0 0 0.371158750338394 -0.249481827088151 0 0
0 0 0.367988046812198 -0.254135391874772 0 0
0 0 0.364759000573145 -0.258748664732556 0 0
0 0 0.361472123570791 -0.263320914249557 0 0
0 0 0.358127936923481 -0.267851415517879 0 0
0 0 0.354726970835721 -0.272339450248607 0 0
0 0 0.351269764514124 -0.27678430688569 0 0
0 0 0.347756866081917 -0.281185280718753 0 0
0 0 0.344188832492038 -0.285541673994826 0 0
0 0 0.34056622943884 -0.289852796028969 0 0
0 0 0.336889631268396 -0.294117963313777 0 0
0 0 0.333159620887441 -0.298336499627747 0 0
0 0 0.329376789670958 -0.302507736142489 0 0
0 0 0.325541737368415 -0.306631011528765 0 0
0 0 0.32165507200868 -0.310705672061343 0 0
0 0 0.317717409803618 -0.314731071722637 0 0
0 0 0.313729375050398 -0.318706572305132 0 0
0 0 0.309691600032509 -0.322631543512571 0 0
0 0 0.305604724919518 -0.326505363059882 0 0
0 0 0.301469397665573 -0.33032741677184 0 0
0 0 0.297286273906671 -0.33409709868044 0 0
0 0 0.293056016856716 -0.337813811120973 0 0
0 0 0.288779297202361 -0.341476964826781 0 0
0 0 0.284456792996683 -0.345085979022681 0 0
0 0 0.280089189551674 -0.348640281517048 0 0
0 0 0.275677179329593 -0.352139308792528 0 0
0 0 0.271221461833173 -0.355582506095388 0 0
0 0 0.266722743494728 -0.35896932752346 0 0
0 0 0.262181737564143 -0.362299236112701 0 0
0 0 0.257599163995794 -0.365571703922319 0 0
0 0 0.252975749334406 -0.368786212118479 0 0
0 0 0.248312226599859 -0.371942251056559 0 0
0 0 0.243609335170973 -0.375039320361954 0 0
0 0 0.238867820668283 -0.378076929009408 0 0
0 0 0.234088434835823 -0.381054595400862 0 0
0 0 0.229271935421943 -0.38397184744181 0 0
0 0 0.224419086059172 -0.386828222616145 0 0
0 0 0.219530656143143 -0.389623268059495 0 0
0 0 0.214607420710616 -0.392356540631014 0 0
0 0 0.209650160316593 -0.395027606983647 0 0
0 0 0.204659660910571 -0.39763604363283 0 0
0 0 0.199636713711927 -0.400181437023636 0 0
0 0 0.194582115084482 -0.402663383596335 0 0
0 0 0.189496666410232 -0.405081489850387 0 0
0 0 0.184381173962301 -0.407435372406819 0 0
0 0 0.179236448777106 -0.409724658069016 0 0
0 0 0.174063306525773 -0.411948983881882 0 0
0 0 0.168862567384813 -0.414107997189392 0 0
0 0 0.163635055906093 -0.4162013556905 0 0
0 0 0.158381600886101 -0.418228727493409 0 0
0 0 0.153103035234547 -0.420189791168192 0 0
0 0 0.147800195842313 -0.422084235797754 0 0
0 0 0.142473923448759 -0.423911761027124 0 0
0 0 0.137125062508438 -0.425672077111075 0 0
0 0 0.131754461057204 -0.427364904960065 0 0
0 0 0.126362970577765 -0.428989976184483 0 0
0 0 0.120951445864681 -0.430547033137198 0 0
0 0 0.115520744888844 -0.432035828954413 0 0
0 0 0.110071728661448 -0.433456127594801 0 0
0 0 0.104605261097481 -0.43480770387693 0 0
0 0 0.0991222088787562 -0.43609034351496 0 0
0 0 0.0936234413165017 -0.437303843152625 0 0
0 0 0.088109830213538 -0.438448010395465 0 0
0 0 0.0825822497260559 -0.439522663841335 0 0
0 0 0.0770415762250247 -0.440527633109166 0 0
0 0 0.0714886881572469 -0.441462758865973 0 0
0 0 0.065924465906085 -0.442327892852121 0 0
0 0 0.0603497916518815 -0.44312289790483 0 0
0 0 0.0547655492320925 -0.44384764797992 0 0
0 0 0.0491726240011607 -0.444502028171796 0 0
0 0 0.043571902690146 -0.445085934731666 0 0
0 0 0.0379642732661386 -0.445599275083986 0 0
0 0 0.0323506247914769 -0.446041967841145 0 0
0 0 0.0267318472827901 -0.446413942816361 0 0
0 0 0.0211088315698905 -0.446715141034814 0 0
0 0 0.0154824691545378 -0.446945514742993 0 0
0 0 0.00985365206909462 -0.447105027416267 0 0
0 0 0.00422327273509938 -0.447193653764681 0 0
0 0 -0.00140777617822214 -0.447211379736956 0 0
0 0 -0.00703860189548615 -0.447158202522728 0 0
0 0 -0.0126683116766948 -0.447034130552984 0 0
0 0 -0.0182960129587771 -0.446839183498731 0 0
0 0 -0.0239208134970997 -0.446573392267875 0 0
0 0 -0.0295418215069276 -0.446236799000321 0 0
0 0 -0.0351581458048136 -0.445829457061293 0 0
0 0 -0.0407688959498891 -0.445351431032872 0 0
0 0 -0.0463731823850411 -0.444802796703757 0 0
0 0 -0.0519701165779462 -0.444183641057249 0 0
0 0 -0.057558811161943 -0.44349406225746 0 0
0 0 -0.0631383800767201 -0.442734169633752 0 0
0 0 -0.0687079387087966 -0.441904083663399 0 0
0 0 -0.0742666040317728 -0.44100393595249 0 0
0 0 -0.0798134947463306 -0.440033869215061 0 0
0 0 -0.0853477314199583 -0.43899403725047 0 0
0 0 -0.0908684366263812 -0.43788460491901 0 0
0 0 -0.0963747350846727 -0.436705748115776 0 0
0 0 -0.101865753798025 -0.435457653742772 0 0
0 0 -0.107340622192162 -0.434140519679285 0 0
0 0 -0.112798472253359 -0.432754554750505 0 0
0 0 -0.118238438666066 -0.431299978694424 0 0
0 0 -0.123659658950101 -0.429777022126992 0 0
0 0 -0.129061273597386 -0.428185926505555 0 0
0 0 -0.134442426208222 -0.426526944090578 0 0
0 0 -0.139802263627067 -0.424800337905642 0 0
0 0 -0.1451399360778 -0.423006381695752 0 0
0 0 -0.150454597298445 -0.421145359883928 0 0
0 0 -0.155745404675346 -0.419217567526115 0 0
0 0 -0.161011519376758 -0.417223310264405 0 0
0 0 -0.166252106485839 -0.415162904278575 0 0
0 0 -0.171466335133023 -0.413036676235961 0 0
0 0 -0.176653378627749 -0.410844963239664 0 0
0 0 -0.18181241458953 -0.408588112775108 0 0
0 0 -0.186942625078337 -0.406266482654945 0 0
0 0 -0.192043196724278 -0.403880440962323 0 0
0 0 -0.197113320856558 -0.401430365992534 0 0
0 0 -0.202152193631685 -0.398916646193033 0 0
0 0 -0.207159016160917 -0.396339680101855 0 0
0 0 -0.212132994636925 -0.393699876284423 0 0
0 0 -0.217073340459642 -0.390997653268779 0 0
0 0 -0.221979270361295 -0.388233439479222 0 0
0 0 -0.22685000653059 -0.385407673168389 0 0
0 0 -0.231684776736024 -0.382520802347766 0 0
0 0 -0.236482814448325 -0.379573284716666 0 0
0 0 -0.241243358961979 -0.376565587589655 0 0
0 0 -0.245965655515835 -0.373498187822465 0 0
0 0 -0.25064895541277 -0.370371571736394 0 0
0 0 -0.255292516138392 -0.367186235041196 0 0
0 0 -0.25989560147876 -0.363942682756493 0 0
0 0 -0.264457481637109 -0.360641429131705 0 0
0 0 -0.268977433349553 -0.357282997564517 0 0
0 0 -0.27345473999976 -0.353867920517901 0 0
0 0 -0.277888691732564 -0.350396739435692 0 0
0 0 -0.282278585566507 -0.346870004656747 0 0
0 0 -0.286623725505301 -0.343288275327693 0 0
0 0 -0.290923422648167 -0.339652119314271 0 0
0 0 -0.295176995299061 -0.335962113111312 0 0
0 0 -0.299383769074753 -0.332218841751329 0 0
0 0 -0.303543077011746 -0.32842289871177 0 0
0 0 -0.307654259672021 -0.324574885820916 0 0
0 0 -0.311716665247586 -0.320675413162476 0 0
0 0 -0.315729649663821 -0.316725098978848 0 0
0 0 -0.319692576681587 -0.312724569573111 0 0
0 0 -0.323604817998105 -0.30867445920972 0 0
0 0 -0.327465753346565 -0.304575410013952 0 0
0 0 -0.331274770594468 -0.300428071870095 0 0
0 0 -0.335031265840678 -0.296233102318416 0 0
0 0 -0.338734643511167 -0.291991166450909 0 0
0 0 -0.342384316453439 -0.287702936805851 0 0
0 0 -0.345979706029622 -0.283369093261168 0 0
0 0 -0.349520242208206 -0.278990322926651 0 0
0 0 -0.353005363654422 -0.274567320035013 0 0
0 0 -0.356434517819236 -0.270100785831824 0 0
0 0 -0.359807161026953 -0.265591428464332 0 0
0 0 -0.363122758561416 -0.261039962869189 0 0
0 0 -0.366380784750783 -0.2564471106591 0 0
0 0 -0.369580723050865 -0.251813600008418 0 0
0 0 -0.372722066127029 -0.247140165537694 0 0
0 0 -0.375804315934626 -0.242427548197205 0 0
0 0 -0.378826983797959 -0.237676495149481 0 0
0 0 -0.381789590487757 -0.232887759650847 0 0
0 0 -0.384691666297157 -0.228062100931998 0 0
0 0 -0.387532751116171 -0.223200284077623 0 0
0 0 -0.390312394504636 -0.21830307990511 0 0
0 0 -0.393030155763629 -0.213371264842334 0 0
0 0 -0.395685604005337 -0.208405620804555 0 0
0 0 -0.398278318221371 -0.203406935070456 0 0
0 0 -0.400807887349518 -0.198376000157317 0 0
0 0 -0.403273910338912 -0.193313613695371 0 0
0 0 -0.405675996213615 -0.188220578301339 0 0
0 0 -0.408013764134611 -0.183097701451182 0 0
0 0 -0.410286843460178 -0.177945795352077 0 0
0 0 -0.412494873804659 -0.172765676813649 0 0
0 0 -0.414637505095595 -0.167558167118467 0 0
0 0 -0.416714397629229 -0.162324091891835 0 0
0 0 -0.418725222124363 -0.15706428097089 0 0
0 0 -0.420669659774565 -0.151779568273043 0 0
0 0 -0.422547402298715 -0.146470791663756 0 0
0 0 -0.42435815198988 -0.14113879282371 0 0
0 0 -0.426101621762513 -0.135784417115354 0 0
0 0 -0.427777535197972 -0.130408513448884 0 0
0 0 -0.429385626588343 -0.125011934147648 0 0
0 0 -0.430925640978567 -0.119595534813015 0 0
0 0 -0.432397334206862 -0.114160174188723 0 0
0 0 -0.433800472943432 -0.108706714024731 0 0
0 0 -0.435134834727465 -0.103236018940591 0 0
0 0 -0.436400208002396 -0.09774895628837 0 0
0 0 -0.437596392149455 -0.0922463960151302 0 0
0 0 -0.438723197519471 -0.086729210525008 0 0
0 0 -0.439780445462939 -0.081198274540896 0 0
0 0 -0.440767968358347 -0.0756544649657607 0 0
0 0 -0.441685609638747 -0.0700986607436145 0 0
0 0 -0.442533223816584 -0.0645317427201618 0 0
0 0 -0.443310676506757 -0.0589545935031464 0 0
0 0 -0.444017844447929 -0.0533680973224181 0 0
0 0 -0.444654615522065 -0.047773139889742 0 0
0 0 -0.445220888772212 -0.0421706082583737 0 0
0 0 -0.445716574418506 -0.0365613906824215 0 0
0 0 -0.446141593872399 -0.0309463764760169 0 0
0 0 -0.446495879749128 -0.0253264558723194 0 0
0 0 -0.446779375878391 -0.0197025198823739 0 0
0 0 -0.446992037313259 -0.0140754601538447 0 0
0 0 -0.447133830337295 -0.00844616882965055 0 0
0 0 -0.447204732469907 -0.0028155384065182 0 0
0 0 -0.447204732469907 0.00281553840651789 0 0
0 0 -0.447133830337295 0.00844616882965044 0 0
0 0 -0.446992037313259 0.0140754601538448 0 0
0 0 -0.446779375878391 0.0197025198823737 0 0
0 0 -0.446495879749128 0.0253264558723193 0 0
0 0 -0.446141593872399 0.0309463764760168 0 0
0 0 -0.445716574418506 0.0365613906824213 0 0
0 0 -0.445220888772212 0.0421706082583738 0 0
0 0 -0.444654615522065 0.0477731398897418 0 0
0 0 -0.444017844447929 0.0533680973224178 0 0
0 0 -0.443310676506757 0.0589545935031462 0 0
0 0 -0.442533223816584 0.0645317427201615 0 0
0 0 -0.441685609638747 0.0700986607436146 0 0
0 0 -0.440767968358347 0.0756544649657608 0 0
0 0 -0.439780445462939 0.0811982745408958 0 0
0 0 -0.438723197519471 0.0867292105250078 0 0
0 0 -0.437596392149455 0.0922463960151301 0 0
0 0 -0.436400208002396 0.0977489562883699 0 0
0 0 -0.435134834727465 0.103236018940591 0 0
0 0 -0.433800472943432 0.108706714024731 0 0
0 0 -0.432397334206862 0.114160174188723 0 0
0 0 -0.430925640978567 0.119595534813015 0 0
0 0 -0.429385626588343 0.125011934147648 0 0
0 0 -0.427777535197972 0.130408513448884 0 0
0 0 -0.426101621762513 0.135784417115354 0 0
0 0 -0.42435815198988 0.141138792823709 0 0
0 0 -0.422547402298716 0.146470791663756 0 0
0 0 -0.420669659774565 0.151779568273043 0 0
0 0 -0.418725222124363 0.157064280970891 0 0
0 0 -0.416714397629229 0.162324091891835 0 0
0 0 -0.414637505095595 0.167558167118467 0 0
0 0 -0.412494873804659 0.172765676813649 0 0
0 0 -0.410286843460178 0.177945795352077 0 0
0 0 -0.408013764134611 0.183097701451182 0 0
0 0 -0.405675996213616 0.188220578301339 0 0
0 0 -0.403273910338912 0.193313613695371 0 0
0 0 -0.400807887349518 0.198376000157317 0 0
0 0 -0.398278318221371 0.203406935070456 0 0
0 0 -0.395685604005337 0.208405620804555 0 0
0 0 -0.393030155763629 0.213371264842334 0 0
0 0 -0.390312394504636 0.21830307990511 0 0
0 0 -0.387532751116171 0.223200284077623 0 0
0 0 -0.384691666297157 0.228062100931998 0 0
0 0 -0.381789590487757 0.232887759650847 0 0
0 0 -0.378826983797959 0.237676495149481 0 0
0 0 -0.375804315934626 0.242427548197205 0 0
0 0 -0.372722066127029 0.247140165537694 0 0
0 0 -0.369580723050865 0.251813600008418 0 0
0 0 -0.366380784750783 0.2564471106591 0 0
0 0 -0.363122758561416 0.261039962869189 0 0
0 0 -0.359807161026953 0.265591428464332 0 0
0 0 -0.356434517819236 0.270100785831824 0 0
0 0 -0.353005363654422 0.274567320035012 0 0
0 0 -0.349520242208206 0.27899032292665 0 0
0 0 -0.345979706029622 0.283369093261168 0 0
0 0 -0.342384316453439 0.287702936805851 0 0
0 0 -0.338734643511167 0.291991166450909 0 0
0 0 -0.335031265840678 0.296233102318416 0 0
0 0 -0.331274770594468 0.300428071870095 0 0
0 0 -0.327465753346565 0.304575410013952 0 0
0 0 -0.323604817998105 0.30867445920972 0 0
0 0 -0.319692576681588 0.312724569573111 0 0
0 0 -0.315729649663821 0.316725098978848 0 0
0 0 -0.311716665247586 0.320675413162475 0 0
0 0 -0.307654259672021 0.324574885820916 0 0
0 0 -0.303543077011746 0.328422898711769 0 0
0 0 -0.299383769074753 0.332218841751329 0 0
0 0 -0.295176995299062 0.335962113111312 0 0
0 0 -0.290923422648167 0.339652119314271 0 0
0 0 -0.286623725505301 0.343288275327693 0 0
0 0 -0.282278585566507 0.346870004656747 0 0
0 0 -0.277888691732564 0.350396739435692 0 0
0 0 -0.273454739999761 0.353867920517901 0 0
0 0 -0.268977433349553 0.357282997564517 0 0
0 0 -0.264457481637109 0.360641429131704 0 0
0 0 -0.25989560147876 0.363942682756493 0 0
0 0 -0.255292516138393 0.367186235041196 0 0
0 0 -0.25064895541277 0.370371571736394 0 0
0 0 -0.245965655515835 0.373498187822465 0 0
0 0 -0.241243358961979 0.376565587589655 0 0
0 0 -0.236482814448325 0.379573284716666 0 0
0 0 -0.231684776736024 0.382520802347766 0 0
0 0 -0.226850006530589 0.385407673168389 0 0
0 0 -0.221979270361295 0.388233439479222 0 0
0 0 -0.217073340459642 0.390997653268779 0 0
0 0 -0.212132994636925 0.393699876284423 0 0
0 0 -0.207159016160918 0.396339680101855 0 0
0 0 -0.202152193631685 0.398916646193033 0 0
0 0 -0.197113320856558 0.401430365992534 0 0
0 0 -0.192043196724278 0.403880440962323 0 0
0 0 -0.186942625078337 0.406266482654945 0 0
0 0 -0.18181241458953 0.408588112775108 0 0
0 0 -0.176653378627749 0.410844963239664 0 0
0 0 -0.171466335133023 0.413036676235961 0 0
0 0 -0.16625210648584 0.415162904278575 0 0
0 0 -0.161011519376758 0.417223310264405 0 0
0 0 -0.155745404675346 0.419217567526115 0 0
0 0 -0.150454597298445 0.421145359883927 0 0
0 0 -0.1451399360778 0.423006381695752 0 0
0 0 -0.139802263627067 0.424800337905642 0 0
0 0 -0.134442426208222 0.426526944090578 0 0
0 0 -0.129061273597386 0.428185926505555 0 0
0 0 -0.123659658950101 0.429777022126992 0 0
0 0 -0.118238438666067 0.431299978694424 0 0
0 0 -0.112798472253359 0.432754554750505 0 0
0 0 -0.107340622192162 0.434140519679285 0 0
0 0 -0.101865753798026 0.435457653742772 0 0
0 0 -0.096374735084673 0.436705748115775 0 0
0 0 -0.0908684366263811 0.43788460491901 0 0
0 0 -0.0853477314199584 0.43899403725047 0 0
0 0 -0.0798134947463305 0.440033869215061 0 0
0 0 -0.074266604031773 0.44100393595249 0 0
0 0 -0.0687079387087966 0.441904083663399 0 0
0 0 -0.06313838007672 0.442734169633752 0 0
0 0 -0.0575588111619432 0.44349406225746 0 0
0 0 -0.0519701165779462 0.444183641057249 0 0
0 0 -0.0463731823850414 0.444802796703757 0 0
0 0 -0.0407688959498892 0.445351431032872 0 0
0 0 -0.0351581458048139 0.445829457061293 0 0
0 0 -0.0295418215069275 0.446236799000321 0 0
0 0 -0.0239208134970998 0.446573392267875 0 0
0 0 -0.0182960129587771 0.446839183498731 0 0
0 0 -0.012668311676695 0.447034130552984 0 0
0 0 -0.00703860189548616 0.447158202522728 0 0
0 0 -0.00140777617822215 0.447211379736956 0 0
0 0 0.00422327273509917 0.447193653764681 0 0
0 0 0.00985365206909451 0.447105027416267 0 0
0 0 0.0154824691545375 0.446945514742993 0 0
0 0 0.0211088315698904 0.446715141034814 0 0
0 0 0.0267318472827899 0.446413942816361 0 0
0 0 0.032350624791477 0.446041967841145 0 0
0 0 0.0379642732661385 0.445599275083986 0 0
0 0 0.043571902690146 0.445085934731666 0 0
0 0 0.0491726240011605 0.444502028171796 0 0
0 0 0.0547655492320924 0.44384764797992 0 0
0 0 0.0603497916518815 0.44312289790483 0 0
0 0 0.0659244659060848 0.442327892852121 0 0
0 0 0.0714886881572468 0.441462758865973 0 0
0 0 0.0770415762250244 0.440527633109166 0 0
0 0 0.0825822497260561 0.439522663841335 0 0
0 0 0.0881098302135379 0.438448010395465 0 0
0 0 0.0936234413165018 0.437303843152625 0 0
0 0 0.099122208878756 0.436090343514961 0 0
0 0 0.104605261097481 0.43480770387693 0 0
0 0 0.110071728661448 0.433456127594801 0 0
0 0 0.115520744888844 0.432035828954413 0 0
0 0 0.120951445864681 0.430547033137198 0 0
0 0 0.126362970577764 0.428989976184483 0 0
0 0 0.131754461057204 0.427364904960065 0 0
0 0 0.137125062508437 0.425672077111075 0 0
0 0 0.142473923448759 0.423911761027124 0 0
0 0 0.147800195842313 0.422084235797754 0 0
0 0 0.153103035234547 0.420189791168192 0 0
0 0 0.158381600886101 0.418228727493409 0 0
0 0 0.163635055906093 0.4162013556905 0 0
0 0 0.168862567384813 0.414107997189392 0 0
0 0 0.174063306525773 0.411948983881882 0 0
0 0 0.179236448777106 0.409724658069016 0 0
0 0 0.184381173962301 0.40743537240682 0 0
0 0 0.189496666410232 0.405081489850387 0 0
0 0 0.194582115084481 0.402663383596335 0 0
0 0 0.199636713711927 0.400181437023636 0 0
0 0 0.20465966091057 0.397636043632831 0 0
0 0 0.209650160316593 0.395027606983647 0 0
0 0 0.214607420710616 0.392356540631014 0 0
0 0 0.219530656143143 0.389623268059495 0 0
0 0 0.224419086059172 0.386828222616145 0 0
0 0 0.229271935421943 0.38397184744181 0 0
0 0 0.234088434835823 0.381054595400862 0 0
0 0 0.238867820668282 0.378076929009408 0 0
0 0 0.243609335170973 0.375039320361954 0 0
0 0 0.248312226599859 0.371942251056559 0 0
0 0 0.252975749334406 0.368786212118479 0 0
0 0 0.257599163995794 0.365571703922319 0 0
0 0 0.262181737564143 0.362299236112701 0 0
0 0 0.266722743494728 0.35896932752346 0 0
0 0 0.271221461833173 0.355582506095388 0 0
0 0 0.275677179329593 0.352139308792528 0 0
0 0 0.280089189551674 0.348640281517048 0 0
0 0 0.284456792996683 0.345085979022681 0 0
0 0 0.288779297202361 0.341476964826781 0 0
0 0 0.293056016856716 0.337813811120973 0 0
0 0 0.297286273906671 0.33409709868044 0 0
0 0 0.301469397665573 0.33032741677184 0 0
0 0 0.305604724919518 0.326505363059882 0 0
0 0 0.309691600032509 0.322631543512571 0 0
0 0 0.313729375050398 0.318706572305133 0 0
0 0 0.317717409803618 0.314731071722637 0 0
0 0 0.32165507200868 0.310705672061343 0 0
0 0 0.325541737368415 0.306631011528766 0 0
0 0 0.329376789670958 0.302507736142489 0 0
0 0 0.333159620887441 0.298336499627747 0 0
0 0 0.336889631268396 0.294117963313777 0 0
0 0 0.34056622943884 0.289852796028969 0 0
0 0 0.344188832492038 0.285541673994826 0 0
0 0 0.347756866081916 0.281185280718753 0 0
0 0 0.351269764514124 0.27678430688569 0 0
0 0 0.354726970835721 0.272339450248607 0 0
0 0 0.358127936923481 0.267851415517879 0 0
0 0 0.361472123570791 0.263320914249557 0 0
0 0 0.364759000573144 0.258748664732556 0 0
0 0 0.367988046812198 0.254135391874772 0 0
0 0 0.371158750338394 0.249481827088151 0 0
0 0 0.374270608452129 0.244788708172728 0 0
0 0 0.377323127783453 0.240056779199655 0 0
0 0 0.38031582437029 0.235286790393228 0 0
0 0 0.38324822373517 0.230479498011942 0 0
0 0 0.386119860960454 0.225635664228597 0 0
0 0 0.388930280762042 0.22075605700945 0 0
0 0 0.391679037561561 0.215841449992464 0 0
0 0 0.394365695557007 0.210892622364649 0 0
0 0 0.396989828791836 0.205910358738527 0 0
0 0 0.399551021222503 0.200895449027733 0 0
0 0 0.402048866784421 0.195848688321784 0 0
0 0 0.404482969456338 0.19077087676001 0 0
0 0 0.40685294332313 0.18566281940471 0 0
0 0 0.409158412636981 0.180525326113502 0 0
0 0 0.411399011876957 0.17535921141093 0 0
0 0 0.413574385806961 0.170165294359323 0 0
0 0 0.415684189532048 0.164944398428938 0 0
0 0 0.417728088553113 0.159697351367399 0 0
0 0 0.419705758819919 0.154424985068467 0 0
0 0 0.421616886782474 0.149128135440145 0 0
0 0 0.423461169440748 0.143807642272148 0 0
0 0 0.425238314392705 0.138464349102759 0 0
0 0 0.426948039880668 0.133099103085089 0 0
0 0 0.428590074835987 0.127712754852768 0 0
0 0 0.430164158922014 0.122306158385079 0 0
0 0 0.431670042575384 0.116880170871564 0 0
0 0 0.433107487045577 0.111435652576119 0 0
0 0 0.434476264432771 0.10597346670061 0 0
0 0 0.435776157723977 0.100494479248006 0 0
0 0 0.437006960827444 0.0949995588850877 0 0
0 0 0.438168478605333 0.089489576804721 0 0
0 0 0.439260526904657 0.0839654065877329 0 0
0 0 0.440282932586476 0.078427924064411 0 0
0 0 0.441235533553347 0.0728780071756432 0 0
0 0 0.442118178775027 0.0673165358337269 0 0
0 0 0.442930728312413 0.0617443917828603 0 0
0 0 0.443673053339733 0.0561624584593491 0 0
0 0 0.44434503616497 0.0505716208515391 0 0
0 0 0.444946570248517 0.0449727653595082 0 0
0 0 0.445477560220076 0.0393667796545305 0 0
0 0 0.445937921893773 0.0337545525383394 0 0
0 0 0.446327582281505 0.0281369738022162 0 0
0 0 0.446646479604516 0.022514934085913 0 0
0 0 0.446894563303188 0.0168893247364501 0 0
0 0 0.447071794045058 0.0112610376667947 0 0
0 0 0.447178143731057 0.00563096521445461 0 0
0 0 0.447213595499958 1.09535739652841e-16 0 0
